-1	-1	2	2	2
-1	-0.95	2	2	1.9973
-1	-0.9	2	1.99994	1.9889
-1	-0.85	2	1.99967	1.97461
-1	-0.8	2	1.99888	1.95464
-1	-0.75	2	1.99707	1.92964
-1	-0.7	2	1.99354	1.90262
-1	-0.65	2	1.98743	1.8726
-1	-0.6	2	1.97779	1.84225
-1	-0.55	2	1.96392	1.81326
-1	-0.5	2	1.94576	1.7872
-1	-0.45	2	1.92451	1.76541
-1	-0.4	2	1.90315	1.74897
-1	-0.35	2	1.88651	1.73868
-1	-0.3	2	1.8806	1.73505
-1	-0.25	2	1.89111	1.73841
-1	-0.2	2	1.9218	1.74885
-1	-0.15	3	1.97346	1.76629
-1	-0.1	3	2.04386	1.79046
-1	-0.05	3	2.12844	1.82089
-1	3.19189e-16	3	2.22147	1.81928
-1	0.05	3	2.31697	1.89764
-1	0.1	3	2.40962	1.94192
-1	0.15	3	2.49518	1.98835
-1	0.2	3	2.57077	2.03534
-1	0.25	3	2.63486	2.08112
-1	0.3	3	2.68708	2.1239
-1	0.35	3	2.72784	2.16194
-1	0.4	3	2.75804	2.19376
-1	0.45	3	2.77875	2.21822
-1	0.5	3	2.79101	2.23467
-1	0.55	3	2.79566	2.24296
-1	0.6	3	2.79333	2.24346
-1	0.65	3	2.78444	2.23694
-1	0.7	3	2.76929	2.22447
-1	0.75	3	2.74813	2.20729
-1	0.8	3	2.72126	2.18666
-1	0.85	3	2.68917	2.16377
-1	0.9	3	2.65252	2.13966
-1	0.95	3	2.61224	2.11517
-1	1	3	2.56939	2.13333
-1	1.05	3	2.52515	2.10829
-1	1.1	3	2.48067	2.08431
-1	1.15	3	2.43697	2.06161
-1	1.2	3	2.39488	2.04028
-1	1.25	3	2.35499	2.02033
-1	1.3	3	2.31766	2.00175
-1	1.35	3	2.28305	1.98444
-1	1.4	3	2.25115	1.96831
-1	1.45	3	2.22187	1.95328
-1	1.5	2	2.19501	1.93923

-0.95	-1	2	2	1.99725
-0.95	-0.95	2	1.99998	1.99428
-0.95	-0.9	2	1.99989	1.98528
-0.95	-0.85	2	1.99954	1.97
-0.95	-0.8	2	1.99855	1.94866
-0.95	-0.75	2	1.99633	1.92305
-0.95	-0.7	2	1.99204	1.89315
-0.95	-0.65	2	1.98459	1.8611
-0.95	-0.6	2	1.97281	1.8287
-0.95	-0.55	2	1.95579	1.79779
-0.95	-0.5	2	1.93339	1.77006
-0.95	-0.45	2	1.90706	1.74696
-0.95	-0.4	2	1.88044	1.69972
-0.95	-0.35	2	1.8594	1.68804
-0.95	-0.3	2	1.85102	1.68379
-0.95	-0.25	2	1.86185	1.68727
-0.95	-0.2	2	1.89595	1.69858
-0.95	-0.15	3	1.95392	1.7177
-0.95	-0.1	3	2.03295	1.74442
-0.95	-0.05	3	2.12774	1.77836
-0.95	3.19189e-16	3	2.23162	1.81888
-0.95	0.05	3	2.33771	1.86511
-0.95	0.1	3	2.43979	1.91583
-0.95	0.15	3	2.53298	1.96951
-0.95	0.2	3	2.61408	2.02426
-0.95	0.25	3	2.68156	2.07793
-0.95	0.3	3	2.73535	2.12823
-0.95	0.35	3	2.77631	2.17287
-0.95	0.4	3	2.80583	2.20985
-0.95	0.45	3	2.82541	2.27584
-0.95	0.5	3	2.83636	2.29354
-0.95	0.55	3	2.83967	2.30118
-0.95	0.6	3	2.83601	2.29933
-0.95	0.65	3	2.8257	2.28908
-0.95	0.7	3	2.8089	2.27194
-0.95	0.75	3	2.78567	2.24953
-0.95	0.8	3	2.75618	2.22351
-0.95	0.85	3	2.72083	2.19536
-0.95	0.9	3	2.68032	2.16636
-0.95	0.95	3	2.6357	2.13748
-0.95	1	3	2.58826	2.11539
-0.95	1.05	3	2.53945	2.08729
-0.95	1.1	3	2.49069	2.09676
-0.95	1.15	3	2.4432	2.0718
-0.95	1.2	3	2.39794	2.04864
-0.95	1.25	3	2.35553	2.02722
-0.95	1.3	3	2.31631	2.00746
-0.95	1.35	3	2.28037	1.98921
-0.95	1.4	3	2.24761	1.97234
-0.95	1.45	2	2.21782	1.95671
-0.95	1.5	2	2.19074	1.94217

-0.9	-1	2	1.99994	1.98847
-0.9	-0.95	2	1.99989	1.98499
-0.9	-0.9	2	1.99969	1.97522
-0.9	-0.85	2	1.9991	1.95889
-0.9	-0.8	2	1.99768	1.9362
-0.9	-0.75	2	1.99471	1.90933
-0.9	-0.7	2	1.98913	1.87779
-0.9	-0.65	2	1.97961	1.844
-0.9	-0.6	2	1.9647	1.78677
-0.9	-0.55	2	1.94326	1.7519
-0.9	-0.5	2	1.91515	1.72095
-0.9	-0.45	2	1.88223	1.69537
-0.9	-0.4	2	1.84903	1.67632
-0.9	-0.35	2	1.82263	1.66461
-0.9	-0.3	2	1.81134	1.66086
-0.9	-0.25	2	1.82244	1.66543
-0.9	-0.2	3	1.86019	1.67858
-0.9	-0.15	3	1.92494	1.70036
-0.9	-0.1	3	2.01336	1.73072
-0.9	-0.05	3	2.1194	1.76936
-0.9	3.19189e-16	3	2.23548	1.81575
-0.9	0.05	3	2.35358	1.86903
-0.9	0.1	3	2.46639	1.9279
-0.9	0.15	3	2.56815	1.99064
-0.9	0.2	3	2.65521	2.05504
-0.9	0.25	3	2.72608	2.11846
-0.9	0.3	3	2.7811	2.17799
-0.9	0.35	3	2.82178	2.23069
-0.9	0.4	3	2.85016	2.27393
-0.9	0.45	3	2.86826	2.30566
-0.9	0.5	3	2.87776	2.32474
-0.9	0.55	3	2.8798	2.33103
-0.9	0.6	3	2.87503	2.32538
-0.9	0.65	3	2.86363	2.34663
-0.9	0.7	3	2.84553	2.3235
-0.9	0.75	3	2.82053	2.29457
-0.9	0.8	3	2.78858	2.26199
-0.9	0.85	3	2.74994	2.22761
-0.9	0.9	3	2.70534	2.19294
-0.9	0.95	3	2.656	2.15911
-0.9	1	3	2.60354	2.13317
-0.9	1.05	3	2.54977	2.10159
-0.9	1.1	3	2.49645	2.07232
-0.9	1.15	3	2.44506	2.08038
-0.9	1.2	3	2.39668	2.05546
-0.9	1.25	3	2.35196	2.03268
-0.9	1.3	3	2.31116	2.01186
-0.9	1.35	3	2.27425	1.9928
-0.9	1.4	2	2.24102	1.97531
-0.9	1.45	2	2.21112	1.95919
-0.9	1.5	2	2.18417	1.94427

-0.85	-1	2	1.99964	1.97308
-0.85	-0.95	2	1.9995	1.96877
-0.85	-0.9	2	1.99907	1.95803
-0.85	-0.85	2	1.99804	1.94055
-0.85	-0.8	2	1.99584	1.91769
-0.85	-0.75	2	1.99157	1.87337
-0.85	-0.7	2	1.98394	1.83723
-0.85	-0.65	2	1.9713	1.79909
-0.85	-0.6	2	1.95186	1.76113
-0.85	-0.55	2	1.92429	1.72539
-0.85	-0.5	2	1.8886	1.69371
-0.85	-0.45	2	1.84728	1.6676
-0.85	-0.4	2	1.80605	1.64826
-0.85	-0.35	2	1.77342	1.63662
-0.85	-0.3	2	1.75884	1.63336
-0.85	-0.25	2	1.77017	1.639
-0.85	-0.2	3	1.81171	1.65392
-0.85	-0.15	3	1.88356	1.67837
-0.85	-0.1	3	1.98202	1.71245
-0.85	-0.05	3	2.10046	1.75604
-0.85	3.19189e-16	3	2.23034	1.80877
-0.85	0.05	3	2.36233	1.86983
-0.85	0.1	3	2.48764	1.93794
-0.85	0.15	3	2.5993	2.01119
-0.85	0.2	3	2.69301	2.08699
-0.85	0.25	3	2.76734	2.16212
-0.85	0.3	3	2.82324	2.2329
-0.85	0.35	3	2.8631	2.29549
-0.85	0.4	3	2.88983	2.34639
-0.85	0.45	3	2.90611	2.38286
-0.85	0.5	3	2.91405	2.4034
-0.85	0.55	3	2.91495	2.40793
-0.85	0.6	3	2.90939	2.39771
-0.85	0.65	3	2.89735	2.3751
-0.85	0.7	3	2.87841	2.34303
-0.85	0.75	3	2.85203	2.30461
-0.85	0.8	3	2.81781	2.30139
-0.85	0.85	3	2.77582	2.25971
-0.85	0.9	3	2.72682	2.2186
-0.85	0.95	3	2.67227	2.17931
-0.85	1	3	2.61425	2.14903
-0.85	1.05	3	2.55508	2.11386
-0.85	1.1	3	2.49695	2.08179
-0.85	1.15	3	2.44164	2.05274
-0.85	1.2	3	2.39035	2.06042
-0.85	1.25	3	2.34368	2.03645
-0.85	1.3	3	2.30177	2.01476
-0.85	1.35	2	2.26442	1.99507
-0.85	1.4	2	2.23121	1.97711
-0.85	1.45	2	2.20166	1.96065
-0.85	1.5	2	2.17526	1.94547

-0.8	-1	2	1.99872	1.95079
-0.8	-0.95	2	1.99839	1.94532
-0.8	-0.9	2	1.99752	1.93336
-0.8	-0.85	2	1.9957	1.90199
-0.8	-0.8	2	1.99219	1.87608
-0.8	-0.75	2	1.98584	1.84326
-0.8	-0.7	2	1.97505	1.80652
-0.8	-0.65	2	1.95778	1.76787
-0.8	-0.6	2	1.93194	1.72943
-0.8	-0.55	2	1.89606	1.69326
-0.8	-0.5	2	1.85053	1.66119
-0.8	-0.45	2	1.79886	1.63477
-0.8	-0.4	2	1.74826	1.61525
-0.8	-0.35	2	1.70873	1.60366
-0.8	-0.3	2	1.69064	1.60078
-0.8	-0.25	2	1.70211	1.60731
-0.8	-0.2	3	1.74733	1.62381
-0.8	-0.15	3	1.82629	1.65074
-0.8	-0.1	3	1.9352	1.68844
-0.8	-0.05	3	2.06715	1.73706
-0.8	3.19189e-16	3	2.21272	1.79643
-0.8	0.05	3	2.36101	1.86594
-0.8	0.1	3	2.50127	1.94435
-0.8	0.15	3	2.62475	2.02961
-0.8	0.2	3	2.72621	2.11877
-0.8	0.25	3	2.80427	2.2079
-0.8	0.3	3	2.86073	2.29235
-0.8	0.35	3	2.8992	2.3671
-0.8	0.4	3	2.92374	2.42741
-0.8	0.45	3	2.93789	2.4696
-0.8	0.5	3	2.94422	2.49165
-0.8	0.55	3	2.94419	2.49356
-0.8	0.6	3	2.93827	2.47726
-0.8	0.65	3	2.92613	2.44607
-0.8	0.7	3	2.9069	2.40409
-0.8	0.75	3	2.87955	2.35546
-0.8	0.8	3	2.84323	2.30384
-0.8	0.85	3	2.79774	2.25216
-0.8	0.9	3	2.74386	2.24224
-0.8	0.95	3	2.68344	2.19708
-0.8	1	3	2.61918	2.16214
-0.8	1.05	3	2.55411	2.12343
-0.8	1.1	3	2.49099	2.08872
-0.8	1.15	3	2.43192	2.05776
-0.8	1.2	3	2.37814	2.03016
-0.8	1.25	3	2.33013	2.00551
-0.8	1.3	2	2.28779	2.01601
-0.8	1.35	2	2.25066	1.9959
-0.8	1.4	2	2.2181	1.97768
-0.8	1.45	2	2.18945	1.96104
-0.8	1.5	2	2.16407	1.94575

-0.75	-1	2	1.99653	1.92169
-0.75	-0.95	2	1.99579	1.90154
-0.75	-0.9	2	1.99414	1.88679
-0.75	-0.85	2	1.99098	1.8671
-0.75	-0.8	2	1.98535	1.83926
-0.75	-0.75	2	1.97579	1.80607
-0.75	-0.7	2	1.96027	1.76914
-0.75	-0.65	2	1.93636	1.7304
-0.75	-0.6	2	1.90168	1.69189
-0.75	-0.55	2	1.85487	1.65563
-0.75	-0.5	2	1.7971	1.62341
-0.75	-0.45	2	1.7333	1.59679
-0.75	-0.4	2	1.67242	1.57707
-0.75	-0.35	2	1.62573	1.56536
-0.75	-0.3	2	1.6041	1.56261
-0.75	-0.25	3	1.61545	1.56966
-0.75	-0.2	3	1.66377	1.58732
-0.75	-0.15	3	1.7492	1.61633
-0.75	-0.1	3	1.86841	1.65732
-0.75	-0.05	3	2.0147	1.71078
-0.75	3.19189e-16	3	2.17801	1.77688
-0.75	0.05	3	2.34566	1.85526
-0.75	0.1	3	2.50423	1.94488
-0.75	0.15	3	2.64239	2.04362
-0.75	0.2	3	2.75336	2.14818
-0.75	0.25	3	2.83578	2.25386
-0.75	0.3	3	2.89264	2.35478
-0.75	0.35	3	2.92922	2.44436
-0.75	0.4	3	2.95108	2.51624
-0.75	0.45	3	2.96283	2.56534
-0.75	0.5	3	2.96758	2.58896
-0.75	0.55	3	2.96691	2.58721
-0.75	0.6	3	2.96111	2.56294
-0.75	0.65	3	2.94944	2.52091
-0.75	0.7	3	2.93049	2.46674
-0.75	0.75	3	2.90256	2.40592
-0.75	0.8	3	2.86421	2.3431
-0.75	0.85	3	2.81486	2.28177
-0.75	0.9	3	2.75535	2.22422
-0.75	0.95	3	2.6881	2.1717
-0.75	1	3	2.61676	2.17153
-0.75	1.05	3	2.54531	2.12954
-0.75	1.1	3	2.4772	2.09256
-0.75	1.15	3	2.41482	2.06007
-0.75	1.2	3	2.35931	2.03149
-0.75	1.25	2	2.31087	2.00624
-0.75	1.3	2	2.26901	1.98379
-0.75	1.35	2	2.23294	1.99524
-0.75	1.4	2	2.20178	1.97697
-0.75	1.45	2	2.17465	1.96035
-0.75	1.5	2	2.15078	1.9451

-0.7	-1	2	1.99202	1.86902
-0.7	-0.95	2	1.9905	1.85971
-0.7	-0.9	2	1.98749	1.84351
-0.7	-0.85	2	1.98216	1.82432
-0.7	-0.8	2	1.97324	1.79601
-0.7	-0.75	2	1.95885	1.76268
-0.7	-0.7	2	1.93651	1.72585
-0.7	-0.65	2	1.90339	1.68733
-0.7	-0.6	2	1.85701	1.64904
-0.7	-0.55	2	1.79652	1.61288
-0.7	-0.5	2	1.72437	1.5806
-0.7	-0.45	2	1.64734	1.55372
-0.7	-0.4	2	1.57604	1.53361
-0.7	-0.35	2	1.52253	1.52145
-0.7	-0.3	0	1.49741	1.51834
-0.7	-0.25	0	1.50799	1.52534
-0.7	-0.2	0	1.55805	1.54351
-0.7	-0.15	3	1.64829	1.5739
-0.7	-0.1	3	1.77656	1.61753
-0.7	-0.05	3	1.93719	1.6753
-0.7	3.19189e-16	3	2.1201	1.74781
-0.7	0.05	3	2.31075	1.83514
-0.7	0.1	3	2.4922	1.93652
-0.7	0.15	3	2.64925	2.04996
-0.7	0.2	3	2.77263	2.17183
-0.7	0.25	3	2.86077	2.29664
-0.7	0.3	3	2.91825	2.41706
-0.7	0.35	3	2.95262	2.52451
-0.7	0.4	3	2.97147	2.61041
-0.7	0.45	3	2.98068	2.66785
-0.7	0.5	3	2.98396	2.69308
-0.7	0.55	3	2.98298	2.68646
-0.7	0.6	3	2.97778	2.65212
-0.7	0.65	3	2.96713	2.59678
-0.7	0.7	3	2.94892	2.52809
-0.7	0.75	3	2.92065	2.45322
-0.7	0.8	3	2.88006	2.37795
-0.7	0.85	3	2.82608	2.30632
-0.7	0.9	3	2.75973	2.24074
-0.7	0.95	3	2.68434	2.18229
-0.7	1	3	2.60493	2.13543
-0.7	1.05	3	2.52677	2.08971
-0.7	1.1	3	2.45408	2.09278
-0.7	1.15	3	2.38932	2.05934
-0.7	1.2	2	2.3333	2.0303
-0.7	1.25	2	2.28569	2.0049
-0.7	1.3	2	2.24548	1.98246
-0.7	1.35	2	2.21149	1.96245
-0.7	1.4	2	2.18253	1.97501
-0.7	1.45	2	2.15755	1.9586
-0.7	1.5	2	2.1357	1.94355

-0.65	-1	2	1.98374	1.8234
-0.65	-0.95	2	1.9808	1.81216
-0.65	-0.9	2	1.97554	1.79442
-0.65	-0.85	2	1.96683	1.77632
-0.65	-0.8	2	1.95296	1.74762
-0.65	-0.75	2	1.9316	1.7143
-0.65	-0.7	2	1.89981	1.67774
-0.65	-0.65	2	1.85451	1.63959
-0.65	-0.6	2	1.7935	1.60162
-0.65	-0.55	2	1.71701	1.56559
-0.65	-0.5	2	1.62931	1.53314
-0.65	-0.45	2	1.53919	1.50579
-0.65	-0.4	2	1.45843	1.4849
-0.65	-0.35	0	1.39897	1.47175
-0.65	-0.3	0	1.37035	1.46759
-0.65	-0.25	0	1.37888	1.4737
-0.65	-0.2	0	1.4282	1.49142
-0.65	-0.15	0	1.52008	1.52216
-0.65	-0.1	3	1.65439	1.56739
-0.65	-0.05	3	1.82768	1.62848
-0.65	3.19189e-16	3	2.031	1.7066
-0.65	0.05	3	2.24844	1.80236
-0.65	0.1	3	2.45872	1.91549
-0.65	0.15	3	2.64089	2.04424
-0.65	0.2	3	2.78145	2.18484
-0.65	0.25	3	2.87797	2.331
-0.65	0.3	3	2.93706	2.47374
-0.65	0.35	3	2.96938	2.60208
-0.65	0.4	3	2.98514	2.70461
-0.65	0.45	3	2.99184	2.77187
-0.65	0.5	3	2.99385	2.79883
-0.65	0.55	3	2.9929	2.78611
-0.65	0.6	3	2.98869	2.73965
-0.65	0.65	3	2.97943	2.66872
-0.65	0.7	3	2.96221	2.58357
-0.65	0.75	3	2.93346	2.49335
-0.65	0.8	3	2.88991	2.40503
-0.65	0.85	3	2.82988	2.32313
-0.65	0.9	3	2.75479	2.25002
-0.65	0.95	3	2.66951	2.18641
-0.65	1	3	2.58107	2.13593
-0.65	1.05	3	2.49636	2.08842
-0.65	1.1	3	2.42019	2.04803
-0.65	1.15	2	2.35471	2.05534
-0.65	1.2	2	2.29999	2.02648
-0.65	1.25	2	2.25485	2.00145
-0.65	1.3	2	2.21768	1.97946
-0.65	1.35	2	2.18683	1.95988
-0.65	1.4	2	2.16089	1.94221
-0.65	1.45	2	2.13867	1.95586
-0.65	1.5	2	2.11926	1.94116

-0.6	-1	2	1.96972	1.77369
-0.6	-0.95	2	1.96442	1.76041
-0.6	-0.9	2	1.95564	1.74862
-0.6	-0.85	2	1.94185	1.72469
-0.6	-0.8	2	1.92091	1.69564
-0.6	-0.75	2	1.88998	1.66236
-0.6	-0.7	2	1.84581	1.6261
-0.6	-0.65	2	1.78543	1.58831
-0.6	-0.6	2	1.7075	1.55059
-0.6	-0.55	2	1.61397	1.51452
-0.6	-0.5	2	1.51127	1.48163
-0.6	-0.45	2	1.40982	1.45338
-0.6	-0.4	0	1.32161	1.43113
-0.6	-0.35	0	1.25739	1.41623
-0.6	-0.3	0	1.22496	1.41009
-0.6	-0.25	0	1.2294	1.41419
-0.6	-0.2	0	1.27432	1.43018
-0.6	-0.15	0	1.36287	1.45987
-0.6	-0.1	0	1.49767	1.50519
-0.6	-0.05	3	1.67893	1.56809
-0.6	3.19189e-16	3	1.90084	1.65037
-0.6	0.05	3	2.14776	1.75332
-0.6	0.1	3	2.39389	1.87729
-0.6	0.15	3	2.61013	2.02099
-0.6	0.2	3	2.77565	2.18067
-0.6	0.25	3	2.88552	2.34933
-0.6	0.3	3	2.94867	2.51633
-0.6	0.35	3	2.97992	2.66789
-0.6	0.4	3	2.99302	2.78917
-0.6	0.45	3	2.9975	2.8676
-0.6	0.5	3	2.99852	2.89646
-0.6	0.55	3	2.99785	2.87679
-0.6	0.6	3	2.99483	2.81682
-0.6	0.65	3	2.987	2.72902
-0.6	0.7	3	2.9705	2.62664
-0.6	0.75	3	2.94051	2.521
-0.6	0.8	3	2.89237	2.42024
-0.6	0.85	3	2.82382	2.32918
-0.6	0.9	3	2.73721	2.24993
-0.6	0.95	3	2.63997	2.18266
-0.6	1	3	2.54204	2.12987
-0.6	1.05	3	2.452	2.08191
-0.6	1.1	2	2.37463	2.04184
-0.6	1.15	2	2.31104	2.00805
-0.6	1.2	2	2.25998	2.02012
-0.6	1.25	2	2.21924	1.99603
-0.6	1.3	2	2.18654	1.97492
-0.6	1.35	2	2.15988	1.95609
-0.6	1.4	2	2.13766	1.93905
-0.6	1.45	2	2.11868	1.92341
-0.6	1.5	2	2.10204	1.93803

-0.55	-1	2	1.94764	1.7214
-0.55	-0.95	2	1.93864	1.70608
-0.55	-0.9	2	1.92465	1.69581
-0.55	-0.85	2	1.90372	1.67103
-0.55	-0.8	2	1.87322	1.64161
-0.55	-0.75	2	1.82998	1.60834
-0.55	-0.7	2	1.77077	1.57229
-0.55	-0.65	2	1.6933	1.53472
-0.55	-0.6	2	1.59776	1.49701
-0.55	-0.55	2	1.48827	1.46057
-0.55	-0.5	2	1.37321	1.42681
-0.55	-0.45	0	1.26368	1.39706
-0.55	-0.4	0	1.17071	1.37268
-0.55	-0.35	0	1.10292	1.35509
-0.55	-0.3	0	1.06603	1.34578
-0.55	-0.25	0	1.06381	1.34648
-0.55	-0.2	0	1.09978	1.35913
-0.55	-0.15	0	1.17843	1.38595
-0.55	-0.1	0	1.30537	1.42938
-0.55	-0.05	0	1.48565	1.49199
-0.55	3.19189e-16	3	1.71927	1.57628
-0.55	0.05	3	1.99443	1.68429
-0.55	0.1	3	2.2828	1.8171
-0.55	0.15	3	2.54495	1.97398
-0.55	0.2	3	2.74771	2.15139
-0.55	0.25	3	2.87991	2.34181
-0.55	0.3	3	2.95223	2.53297
-0.55	0.35	3	2.98494	2.70824
-0.55	0.4	3	2.9966	2.84905
-0.55	0.45	3	2.99951	2.93931
-0.55	0.5	3	2.99989	2.97041
-0.55	0.55	3	2.99958	2.94398
-0.55	0.6	3	2.99755	2.87086
-0.55	0.65	3	2.99064	2.76705
-0.55	0.7	3	2.97384	2.64895
-0.55	0.75	3	2.94071	2.52996
-0.55	0.8	3	2.88494	2.41918
-0.55	0.85	3	2.80386	2.32152
-0.55	0.9	3	2.70201	2.23864
-0.55	0.95	3	2.59111	2.17405
-0.55	1	3	2.48478	2.11683
-0.55	1.05	2	2.39256	2.07012
-0.55	1.1	2	2.31786	2.03174
-0.55	1.15	2	2.25966	1.99974
-0.55	1.2	2	2.21498	1.97251
-0.55	1.25	2	2.18055	1.94881
-0.55	1.3	2	2.15357	1.96911
-0.55	1.35	2	2.13188	1.95132
-0.55	1.4	2	2.11387	1.9351
-0.55	1.45	2	2.0984	1.92009
-0.55	1.5	2	2.08468	1.90607

-0.5	-1	2	1.91506	1.66802
-0.5	-0.95	2	1.9007	1.65076
-0.5	-0.9	2	1.87954	1.64247
-0.5	-0.85	2	1.84919	1.61686
-0.5	-0.8	2	1.80673	1.58704
-0.5	-0.75	2	1.74896	1.55367
-0.5	-0.7	2	1.6732	1.51764
-0.5	-0.65	2	1.57849	1.48004
-0.5	-0.6	2	1.46703	1.44201
-0.5	-0.55	2	1.34505	1.40478
-0.5	-0.5	0	1.22202	1.36956
-0.5	-0.45	0	1.10848	1.33761
-0.5	-0.4	0	1.01346	1.31021
-0.5	-0.35	0	0.943077	1.28878
-0.5	-0.3	0	0.900939	1.27494
-0.5	-0.25	0	0.889569	1.27058
-0.5	-0.2	0	0.912139	1.27796
-0.5	-0.15	0	0.973869	1.2997
-0.5	-0.1	0	1.08273	1.33879
-0.5	-0.05	0	1.24866	1.39845
-0.5	3.19189e-16	0	1.47973	1.48191
-0.5	0.05	3	1.77333	1.59197
-0.5	0.1	3	2.10482	1.73042
-0.5	0.15	3	2.42555	1.89712
-0.5	0.2	3	2.68356	2.08877
-0.5	0.25	3	2.85355	2.29747
-0.5	0.3	3	2.94491	2.50959
-0.5	0.35	3	2.98439	2.70594
-0.5	0.4	3	2.99726	2.86452
-0.5	0.45	3	2.99985	2.96598
-0.5	0.5	3	3	3
-0.5	0.55	3	2.99987	2.96886
-0.5	0.6	3	2.99809	2.88596
-0.5	0.65	3	2.99072	2.77049
-0.5	0.7	3	2.97135	2.64153
-0.5	0.75	3	2.93144	2.51413
-0.5	0.8	3	2.8628	2.39802
-0.5	0.85	3	2.76333	2.298
-0.5	0.9	3	2.6424	2.21516
-0.5	0.95	3	2.51828	2.15147
-0.5	1	2	2.40789	2.09707
-0.5	1.05	2	2.31936	2.05358
-0.5	1.1	2	2.25263	2.01835
-0.5	1.15	2	2.2037	1.98918
-0.5	1.2	2	2.16788	1.96434
-0.5	1.25	2	2.1412	1.94254
-0.5	1.3	2	2.12071	1.9229
-0.5	1.35	2	2.10434	1.94588
-0.5	1.4	2	2.09066	1.9306
-0.5	1.45	2	2.07872	1.9163
-0.5	1.5	2	2.06785	1.9028

-0.45	-1	2	1.86988	1.61493
-0.45	-0.95	2	1.8484	1.59585
-0.45	-0.9	2	1.81812	1.58993
-0.45	-0.85	2	1.77641	1.56351
-0.45	-0.8	2	1.72033	1.53322
-0.45	-0.75	2	1.64716	1.49962
-0.45	-0.7	2	1.55534	1.46342
-0.45	-0.65	2	1.44569	1.42548
-0.45	-0.6	2	1.32246	1.38675
-0.45	-0.55	0	1.19318	1.34823
-0.45	-0.5	0	1.06727	1.31096
-0.45	-0.45	0	0.953616	1.27602
-0.45	-0.4	0	0.858784	1.24461
-0.45	-0.35	0	0.786533	1.21812
-0.45	-0.3	0	0.738691	1.19821
-0.45	-0.25	0	0.71664	1.18693
-0.45	-0.2	0	0.722862	1.18682
-0.45	-0.15	0	0.762343	1.20093
-0.45	-0.1	0	0.843788	1.23283
-0.45	-0.05	0	0.980264	1.28644
-0.45	3.19189e-16	0	1.1876	1.36571
-0.45	0.05	0	1.47687	1.47418
-0.45	0.1	3	1.83787	1.6142
-0.45	0.15	3	2.22268	1.78599
-0.45	0.2	3	2.5576	1.98633
-0.45	0.25	3	2.78996	2.20695
-0.45	0.3	3	2.91841	2.43324
-0.45	0.35	3	2.97514	2.64425
-0.45	0.4	3	2.99458	2.81568
-0.45	0.45	3	2.99924	2.92609
-0.45	0.5	3	2.99983	2.96421
-0.45	0.55	3	2.99938	2.93293
-0.45	0.6	3	2.99636	2.84737
-0.45	0.65	3	2.98592	2.72868
-0.45	0.7	3	2.9598	2.59744
-0.45	0.75	3	2.90679	2.46954
-0.45	0.8	3	2.81716	2.35493
-0.45	0.85	3	2.69244	2.2582
-0.45	0.9	3	2.55138	2.17996
-0.45	0.95	2	2.41994	2.12068
-0.45	1	2	2.31461	2.07184
-0.45	1.05	2	2.23794	2.03353
-0.45	1.1	2	2.18469	2.00283
-0.45	1.15	2	2.14806	1.97739
-0.45	1.2	2	2.12249	1.95546
-0.45	1.25	2	2.10402	1.93587
-0.45	1.3	2	2.09002	1.91783
-0.45	1.35	2	2.07877	1.90088
-0.45	1.4	2	2.06915	1.92584
-0.45	1.45	2	2.06044	1.91224
-0.45	1.5	2	2.05218	1.89923

-0.4	-1	2	1.81101	1.56325
-0.4	-0.95	2	1.78088	1.5626
-0.4	-0.9	2	1.74007	1.53925
-0.4	-0.85	2	1.68599	1.51206
-0.4	-0.8	2	1.61611	1.48127
-0.4	-0.75	2	1.52866	1.44731
-0.4	-0.7	2	1.42361	1.41073
-0.4	-0.65	2	1.30357	1.37218
-0.4	-0.6	0	1.17417	1.33239
-0.4	-0.55	0	1.04321	1.29212
-0.4	-0.5	0	0.918938	1.2522
-0.4	-0.45	0	0.80812	1.21352
-0.4	-0.4	0	0.715018	1.17714
-0.4	-0.35	0	0.641555	1.14434
-0.4	-0.3	0	0.588297	1.11677
-0.4	-0.25	0	0.555703	1.09658
-0.4	-0.2	0	0.545336	1.08657
-0.4	-0.15	0	0.561062	1.09024
-0.4	-0.1	0	0.610454	1.11181
-0.4	-0.05	0	0.706483	1.15598
-0.4	3.19189e-16	0	0.868704	1.22752
-0.4	0.05	0	1.12051	1.3306
-0.4	0.1	0	1.47492	1.46791
-0.4	0.15	3	1.9054	1.63962
-0.4	0.2	3	2.32992	1.8421
-0.4	0.25	3	2.65635	2.06654
-0.4	0.3	3	2.85195	2.29773
-0.4	0.35	3	2.94567	2.51419
-0.4	0.4	3	2.98237	2.69122
-0.4	0.45	3	2.99406	2.80727
-0.4	0.5	3	2.99666	2.85129
-0.4	0.55	3	2.99527	2.82652
-0.4	0.6	3	2.98863	2.74833
-0.4	0.65	3	2.97078	2.63781
-0.4	0.7	3	2.93095	2.51535
-0.4	0.75	3	2.85499	2.39666
-0.4	0.8	3	2.73435	2.29154
-0.4	0.85	3	2.58108	2.2044
-0.4	0.9	2	2.42779	2.13556
-0.4	0.95	2	2.30327	2.08423
-0.4	1	2	2.21559	2.04345
-0.4	1.05	2	2.15832	2.012
-0.4	1.1	2	2.12181	1.98684
-0.4	1.15	2	2.0983	1.96567
-0.4	1.2	2	2.08265	1.9469
-0.4	1.25	2	2.07164	1.92955
-0.4	1.3	2	2.06332	1.91305
-0.4	1.35	2	2.05644	1.8971
-0.4	1.4	2	2.05024	1.8816
-0.4	1.45	2	2.04424	1.90811
-0.4	1.5	2	2.03814	1.89552

-0.35	-1	2	1.73898	1.51392
-0.35	-0.95	2	1.69933	1.51561
-0.35	-0.9	2	1.64762	1.49128
-0.35	-0.85	2	1.58163	1.46339
-0.35	-0.8	2	1.49961	1.43209
-0.35	-0.75	2	1.40106	1.3977
-0.35	-0.7	2	1.28742	1.36058
-0.35	-0.65	0	1.16258	1.3212
-0.35	-0.6	0	1.03262	1.28005
-0.35	-0.55	0	0.904627	1.23766
-0.35	-0.5	0	0.785137	1.19462
-0.35	-0.45	0	0.678888	1.15158
-0.35	-0.4	0	0.588417	1.10938
-0.35	-0.35	0	0.514491	1.06913
-0.35	-0.3	0	0.456969	1.03237
-0.35	-0.25	0	0.415717	1.00129
-0.35	-0.2	0	0.391434	0.97889
-0.35	-0.15	0	0.386509	0.969176
-0.35	-0.1	0	0.40621	0.977129
-0.35	-0.05	0	0.460583	1.00845
-0.35	3.19189e-16	0	0.567221	1.06892
-0.35	0.05	0	0.753458	1.16339
-0.35	0.1	0	1.0514	1.2946
-0.35	0.15	0	1.47208	1.46205
-0.35	0.2	3	1.96119	1.66101
-0.35	0.25	3	2.4012	1.88172
-0.35	0.3	3	2.70302	2.10878
-0.35	0.35	3	2.86685	2.32155
-0.35	0.4	3	2.94128	2.49707
-0.35	0.45	3	2.97051	2.61578
-0.35	0.5	3	2.97929	2.66795
-0.35	0.55	3	2.97706	2.65674
-0.35	0.6	3	2.96371	2.59609
-0.35	0.65	3	2.93204	2.50505
-0.35	0.7	3	2.86842	2.40215
-0.35	0.75	3	2.75784	2.30197
-0.35	0.8	3	2.60112	2.21381
-0.35	0.85	2	2.42998	2.14195
-0.35	0.9	2	2.28624	2.08795
-0.35	0.95	2	2.18749	2.04619
-0.35	1	2	2.12706	2.01529
-0.35	1.05	2	2.09173	1.99167
-0.35	1.1	2	2.07112	1.97244
-0.35	1.15	2	2.05881	1.95554
-0.35	1.2	2	2.05107	1.93973
-0.35	1.25	2	2.04581	1.92433
-0.35	1.3	2	2.04175	1.90905
-0.35	1.35	2	2.03814	1.89384
-0.35	1.4	2	2.03449	1.87872
-0.35	1.45	2	2.03051	1.86379
-0.35	1.5	2	2.02604	1.89176

-0.3	-1	2	1.65621	1.46763
-0.3	-0.95	2	1.60723	1.47177
-0.3	-0.9	2	1.54558	1.44663
-0.3	-0.85	2	1.46969	1.41814
-0.3	-0.8	2	1.37881	1.38638
-0.3	-0.75	2	1.27361	1.35153
-0.3	-0.7	0	1.15662	1.31381
-0.3	-0.65	0	1.03222	1.27349
-0.3	-0.6	0	0.906079	1.23083
-0.3	-0.55	0	0.784028	1.18612
-0.3	-0.5	0	0.670911	1.13967
-0.3	-0.45	0	0.569906	1.09187
-0.3	-0.4	0	0.482499	1.04326
-0.3	-0.35	0	0.408937	0.994673
-0.3	-0.3	0	0.348872	0.947444
-0.3	-0.25	0	0.301957	0.903666
-0.3	-0.2	0	0.268332	0.866503
-0.3	-0.15	0	0.249119	0.840468
-0.3	-0.1	0	0.247198	0.831524
-0.3	-0.05	0	0.268704	0.846763
-0.3	3.19189e-16	0	0.325811	0.893435
-0.3	0.05	0	0.440998	0.977346
-0.3	0.1	0	0.650039	1.10106
-0.3	0.15	0	0.991863	1.26262
-0.3	0.2	0	1.46623	1.45527
-0.3	0.25	3	1.98403	1.66775
-0.3	0.3	3	2.41127	1.88478
-0.3	0.35	3	2.68461	2.0878
-0.3	0.4	3	2.82951	2.2573
-0.3	0.45	3	2.89646	2.37719
-0.3	0.5	3	2.92148	2.43961
-0.3	0.55	3	2.92139	2.44723
-0.3	0.6	3	2.89896	2.41141
-0.3	0.65	3	2.84652	2.34784
-0.3	0.7	3	2.74975	2.27218
-0.3	0.75	3	2.60114	2.19716
-0.3	0.8	2	2.42366	2.13129
-0.3	0.85	2	2.26598	2.07865
-0.3	0.9	2	2.15806	2.04003
-0.3	0.95	2	2.09573	2.0117
-0.3	1	2	2.06249	1.99129
-0.3	1.05	2	2.04515	1.97547
-0.3	1.1	2	2.03609	1.96172
-0.3	1.15	2	2.03129	1.94846
-0.3	1.2	2	2.02865	1.93491
-0.3	1.25	2	2.02699	1.92082
-0.3	1.3	2	2.02561	1.90622
-0.3	1.35	2	2.02405	1.89128
-0.3	1.4	2	2.02203	1.8762
-0.3	1.45	2	2.01936	1.86118
-0.3	1.5	2	2.01594	1.84639

-0.25	-1	2	1.56679	1.42485
-0.25	-0.95	2	1.50979	1.43149
-0.25	-0.9	2	1.44037	1.40573
-0.25	-0.85	2	1.35775	1.37678
-0.25	-0.8	2	1.2621	1.34466
-0.25	-0.75	0	1.15491	1.30942
-0.25	-0.7	0	1.03918	1.27115
-0.25	-0.65	0	0.919104	1.22991
-0.25	-0.6	0	0.799444	1.18577
-0.25	-0.55	0	0.684679	1.13876
-0.25	-0.5	0	0.578291	1.0889
-0.25	-0.45	0	0.482467	1.03625
-0.25	-0.4	0	0.398218	0.981018
-0.25	-0.35	0	0.325752	0.923651
-0.25	-0.3	0	0.264897	0.865129
-0.25	-0.25	0	0.215431	0.8073
-0.25	-0.2	0	0.177304	0.753347
-0.25	-0.15	0	0.150832	0.708292
-0.25	-0.1	0	0.137091	0.679333
-0.25	-0.05	0	0.138873	0.675558
-0.25	3.19189e-16	0	0.162833	0.706539
-0.25	0.05	0	0.223525	0.779681
-0.25	0.1	0	0.34902	0.897247
-0.25	0.15	0	0.582132	1.05483
-0.25	0.2	0	0.959067	1.24229
-0.25	0.25	0	1.45408	1.44615
-0.25	0.3	3	1.95403	1.65144
-0.25	0.35	3	2.34272	1.84264
-0.25	0.4	3	2.58796	2.0047
-0.25	0.45	3	2.72069	2.12562
-0.25	0.5	3	2.78062	2.19952
-0.25	0.55	3	2.79247	2.22824
-0.25	0.6	3	2.76414	2.22023
-0.25	0.65	3	2.69098	2.1875
-0.25	0.7	3	2.56612	2.14248
-0.25	0.75	2	2.40256	2.09575
-0.25	0.8	2	2.24477	2.05469
-0.25	0.85	2	2.13288	2.02297
-0.25	0.9	2	2.07007	2.00079
-0.25	0.95	2	2.03918	1.98582
-0.25	1	2	2.02481	1.97514
-0.25	1.05	2	2.01831	1.96595
-0.25	1.1	2	2.01555	1.95635
-0.25	1.15	2	2.01458	1.94545
-0.25	1.2	2	2.01443	1.93304
-0.25	1.25	2	2.0145	1.91933
-0.25	1.3	2	2.0144	1.90467
-0.25	1.35	2	2.01385	1.88945
-0.25	1.4	2	2.01263	1.874
-0.25	1.45	2	2.01061	1.8586
-0.25	1.5	2	2.00773	1.84346

-0.2	-1	2	1.47576	1.38588
-0.2	-0.95	2	1.4129	1.39502
-0.2	-0.9	2	1.33865	1.36884
-0.2	-0.85	2	1.25289	1.33962
-0.2	-0.8	0	1.15644	1.3073
-0.2	-0.75	0	1.05119	1.27184
-0.2	-0.7	0	0.940033	1.23317
-0.2	-0.65	0	0.826566	1.19121
-0.2	-0.6	0	0.71451	1.1458
-0.2	-0.55	0	0.607181	1.09675
-0.2	-0.5	0	0.507115	1.0438
-0.2	-0.45	0	0.415974	0.986653
-0.2	-0.4	0	0.334697	0.925103
-0.2	-0.35	0	0.263758	0.859138
-0.2	-0.3	0	0.203398	0.789234
-0.2	-0.25	0	0.153752	0.716788
-0.2	-0.2	0	0.114864	0.644776
-0.2	-0.15	0	0.0866509	0.578611
-0.2	-0.1	0	0.0690095	0.52692
-0.2	-0.05	0	0.0623741	0.501556
-0.2	3.19189e-16	0	0.0693014	0.51573
-0.2	0.05	0	0.097854	0.579643
-0.2	0.1	0	0.167118	0.695275
-0.2	0.15	0	0.31181	0.854241
-0.2	0.2	0	0.57389	1.04106
-0.2	0.25	0	0.965966	1.23898
-0.2	0.3	0	1.4305	1.43367
-0.2	0.35	3	1.86395	1.61339
-0.2	0.4	3	2.19297	1.76815
-0.2	0.45	3	2.40489	1.89011
-0.2	0.5	3	2.52064	1.97522
-0.2	0.55	3	2.56348	2.02451
-0.2	0.6	3	2.5461	2.04369
-0.2	0.65	3	2.47251	2.04137
-0.2	0.7	2	2.35253	2.02692
-0.2	0.75	2	2.21911	2.00866
-0.2	0.8	2	2.11436	1.99254
-0.2	0.85	2	2.05338	1.98131
-0.2	0.9	2	2.0245	1.97521
-0.2	0.95	2	2.01233	1.97203
-0.2	1	2	2.00752	1.96912
-0.2	1.05	2	2.00581	1.96444
-0.2	1.1	2	2.00549	1.957
-0.2	1.15	2	2.00582	1.94674
-0.2	1.2	2	2.0064	1.93408
-0.2	1.25	2	2.00693	1.91968
-0.2	1.3	2	2.00714	1.90417
-0.2	1.35	2	2.00682	1.8881
-0.2	1.4	2	2.00579	1.87189
-0.2	1.45	2	2.00392	1.85584
-0.2	1.5	2	2.00116	1.84017

-0.15	-1	2	1.38813	1.35088
-0.15	-0.95	2	1.322	1.36245
-0.15	-0.9	2	1.24595	1.33611
-0.15	-0.85	0	1.16036	1.30684
-0.15	-0.8	0	1.06635	1.27455
-0.15	-0.75	0	0.965787	1.2391
-0.15	-0.7	0	0.861164	1.20031
-0.15	-0.65	0	0.755294	1.15796
-0.15	-0.6	0	0.650948	1.11172
-0.15	-0.55	0	0.550556	1.06117
-0.15	-0.5	0	0.456051	1.00579
-0.15	-0.45	0	0.368883	0.944945
-0.15	-0.4	0	0.290146	0.878005
-0.15	-0.35	0	0.220732	0.804433
-0.15	-0.3	0	0.161407	0.724078
-0.15	-0.25	0	0.112782	0.637672
-0.15	-0.2	0	0.0751617	0.54768
-0.15	-0.15	0	0.0483273	0.459584
-0.15	-0.1	0	0.0314251	0.383393
-0.15	-0.05	0	0.0232574	0.334417
-0.15	3.19189e-16	0	0.0235607	0.3312
-0.15	0.05	0	0.0361303	0.388646
-0.15	0.1	0	0.0743466	0.508681
-0.15	0.15	0	0.16641	0.676686
-0.15	0.2	0	0.349234	0.86897
-0.15	0.25	0	0.639946	1.06438
-0.15	0.3	0	1.00825	1.24979
-0.15	0.35	0	1.39061	1.41831
-0.15	0.4	3	1.72829	1.56544
-0.15	0.45	3	1.98811	1.68744
-0.15	0.5	3	2.16198	1.78195
-0.15	0.55	3	2.25593	1.84928
-0.15	0.6	3	2.27938	1.89285
-0.15	0.65	2	2.24357	1.91835
-0.15	0.7	2	2.17053	1.93239
-0.15	0.75	2	2.09516	1.94102
-0.15	0.8	2	2.04343	1.94853
-0.15	0.85	2	2.01724	1.95633
-0.15	0.9	2	2.00652	1.96458
-0.15	0.95	2	2.00272	1.97079
-0.15	1	2	2.00153	1.97301
-0.15	1.05	2	2.0013	1.97031
-0.15	1.1	2	2.00149	1.96284
-0.15	1.15	2	2.00189	1.95144
-0.15	1.2	2	2.00236	1.93719
-0.15	1.25	2	2.0027	1.92113
-0.15	1.3	2	2.00269	1.90409
-0.15	1.35	2	2.00214	1.88672
-0.15	1.4	2	2.00088	1.86945
-0.15	1.45	2	1.9988	1.85258
-0.15	1.5	2	1.99584	1.83628

-0.1	-1	2	1.308	1.31987
-0.1	-0.95	2	1.24113	1.33381
-0.1	-0.9	0	1.166	1.30755
-0.1	-0.85	0	1.0832	1.2785
-0.1	-0.8	0	0.993895	1.24651
-0.1	-0.75	0	0.899679	1.21138
-0.1	-0.7	0	0.802493	1.17286
-0.1	-0.65	0	0.704397	1.13059
-0.1	-0.6	0	0.607375	1.08412
-0.1	-0.55	0	0.513208	1.03286
-0.1	-0.5	0	0.423452	0.976044
-0.1	-0.45	0	0.339503	0.912773
-0.1	-0.4	0	0.262697	0.842017
-0.1	-0.35	0	0.194375	0.762735
-0.1	-0.3	0	0.135852	0.674115
-0.1	-0.25	0	0.0882567	0.576085
-0.1	-0.2	0	0.0522479	0.470293
-0.1	-0.15	0	0.0276603	0.361797
-0.1	-0.1	0	0.0132046	0.261498
-0.1	-0.05	0	0.00653164	0.188302
-0.1	3.19189e-16	0	0.00529856	0.167658
-0.1	0.05	0	0.0104166	0.221717
-0.1	0.1	0	0.0327106	0.353063
-0.1	0.15	0	0.100001	0.537904
-0.1	0.2	0	0.24818	0.740642
-0.1	0.25	0	0.48396	0.934835
-0.1	0.3	0	0.769123	1.11005
-0.1	0.35	1	1.06129	1.2657
-0.1	0.4	1	1.33867	1.40328
-0.1	0.45	1	1.58716	1.52294
-0.1	0.5	3	1.79156	1.62377
-0.1	0.55	3	1.93962	1.70546
-0.1	0.6	2	2.02646	1.76951
-0.1	0.65	2	2.05699	1.81916
-0.1	0.7	2	2.04905	1.85857
-0.1	0.75	2	2.02828	1.89157
-0.1	0.8	2	2.01217	1.91986
-0.1	0.85	2	2.00414	1.94541
-0.1	0.9	2	2.00118	1.96563
-0.1	0.95	2	2.00033	1.97867
-0.1	1	2	2.00015	1.98354
-0.1	1.05	2	2.00016	1.98063
-0.1	1.1	2	2.00026	1.97135
-0.1	1.15	2	2.00042	1.95749
-0.1	1.2	2	2.00053	1.94073
-0.1	1.25	2	2.00045	1.9224
-0.1	1.3	2	1.99999	1.90347
-0.1	1.35	2	1.99898	1.88457
-0.1	1.4	2	1.99726	1.86613
-0.1	1.45	2	1.99474	1.84838
-0.1	1.5	2	1.99137	1.83145

-0.05	-1	2	1.23818	1.29281
-0.05	-0.95	0	1.17275	1.30902
-0.05	-0.9	0	1.10062	1.28309
-0.05	-0.85	0	1.02247	1.25454
-0.05	-0.8	0	0.939268	1.22316
-0.05	-0.75	0	0.852249	1.18873
-0.05	-0.7	0	0.762792	1.15092
-0.05	-0.65	0	0.6723	1.10932
-0.05	-0.6	0	0.582129	1.06337
-0.05	-0.55	0	0.493571	1.01236
-0.05	-0.5	0	0.407916	0.955389
-0.05	-0.45	0	0.326546	0.891347
-0.05	-0.4	0	0.251016	0.818927
-0.05	-0.35	0	0.183069	0.736697
-0.05	-0.3	0	0.124516	0.643302
-0.05	-0.25	0	0.0769956	0.537927
-0.05	-0.2	0	0.0415866	0.4213
-0.05	-0.15	0	0.0183562	0.297624
-0.05	-0.1	0	0.00591453	0.177828
-0.05	-0.05	0	0.0012321	0.0834866
-0.05	3.19189e-16	0	0.000404106	0.0472048
-0.05	0.05	0	0.00211763	0.100579
-0.05	0.1	0	0.0168956	0.24825
-0.05	0.15	0	0.0797946	0.454441
-0.05	0.2	0	0.234333	0.668002
-0.05	0.25	0	0.464056	0.857455
-0.05	0.3	1	0.698553	1.01771
-0.05	0.35	1	0.906351	1.15626
-0.05	0.4	1	1.10026	1.28077
-0.05	0.45	1	1.29561	1.39469
-0.05	0.5	1	1.49178	1.49802
-0.05	0.55	1	1.67405	1.5898
-0.05	0.6	2	1.82274	1.66985
-0.05	0.65	2	1.92321	1.73935
-0.05	0.7	2	1.97539	1.80025
-0.05	0.75	2	1.99476	1.85427
-0.05	0.8	2	1.99951	1.90106
-0.05	0.85	2	2.0001	1.94123
-0.05	0.9	2	2.00004	1.97106
-0.05	0.95	2	2.00001	1.98892
-0.05	1	2	2	1.99483
-0.05	1.05	2	2	1.99055
-0.05	1.1	2	1.99999	1.97871
-0.05	1.15	2	1.99993	1.96198
-0.05	1.2	2	1.99971	1.94251
-0.05	1.25	2	1.99919	1.92187
-0.05	1.3	2	1.99822	1.90109
-0.05	1.35	2	1.99664	1.88077
-0.05	1.4	2	1.99434	1.86128
-0.05	1.45	2	1.99125	1.84278
-0.05	1.5	2	1.98732	1.82534

3.19189e-16	-1	0	1.18011	1.31098
3.19189e-16	-0.95	0	1.11777	1.28794
3.19189e-16	-0.9	0	1.05015	1.26261
3.19189e-16	-0.85	0	0.977812	1.23483
3.19189e-16	-0.8	0	0.901502	1.2044
3.19189e-16	-0.75	0	0.822066	1.17105
3.19189e-16	-0.7	0	0.74038	1.13445
3.19189e-16	-0.65	0	0.657306	1.09414
3.19189e-16	-0.6	0	0.573693	1.04953
3.19189e-16	-0.55	0	0.490435	0.999864
3.19189e-16	-0.5	0	0.408576	0.94417
3.19189e-16	-0.45	0	0.329438	0.881257
3.19189e-16	-0.4	0	0.254699	0.809705
3.19189e-16	-0.35	0	0.186385	0.72791
3.19189e-16	-0.3	0	0.126706	0.634255
3.19189e-16	-0.25	0	0.0777465	0.527524
3.19189e-16	-0.2	0	0.0410211	0.407842
3.19189e-16	-0.15	0	0.0169737	0.27862
3.19189e-16	-0.1	0	0.00446493	0.150157
3.19189e-16	-0.05	0	0.000379371	0.0448531
3.19189e-16	3.19189e-16	0	0	0
3.19189e-16	0.05	0	0.000739729	0.0557403
3.19189e-16	0.1	0	0.0162825	0.21973
3.19189e-16	0.15	0	0.101624	0.443539
3.19189e-16	0.2	0	0.311323	0.659524
3.19189e-16	0.25	1	0.563463	0.833823
3.19189e-16	0.3	1	0.751802	0.970244
3.19189e-16	0.35	1	0.882039	1.08558
3.19189e-16	0.4	1	0.996603	1.19285
3.19189e-16	0.45	1	1.12691	1.29745
3.19189e-16	0.5	1	1.28755	1.39945
3.19189e-16	0.55	1	1.47476	1.49692
3.19189e-16	0.6	2	1.66532	1.58821
3.19189e-16	0.65	2	1.82376	1.6727
3.19189e-16	0.7	2	1.92537	1.75044
3.19189e-16	0.75	2	1.97463	1.8195
3.19189e-16	0.8	2	1.99309	1.88276
3.19189e-16	0.85	2	1.99856	1.93453
3.19189e-16	0.9	2	1.99981	1.97189
3.19189e-16	0.95	2	1.99999	1.9934
3.19189e-16	1	2	2	2
3.19189e-16	1.05	2	1.99999	1.99456
3.19189e-16	1.1	2	1.99993	1.9807
3.19189e-16	1.15	2	1.99971	1.96173
3.19189e-16	1.2	2	1.9992	1.94021
3.19189e-16	1.25	2	1.99825	1.91786
3.19189e-16	1.3	2	1.99674	1.89573
3.19189e-16	1.35	2	1.99455	1.87443
3.19189e-16	1.4	2	1.9916	1.85425
3.19189e-16	1.45	2	1.98785	1.8353
3.19189e-16	1.5	2	1.98329	1.81761

0.05	-1	0	1.13407	1.24985
0.05	-0.95	0	1.07602	1.27036
0.05	-0.9	0	1.01387	1.24587
0.05	-0.85	0	0.94804	1.21915
0.05	-0.8	0	0.879042	1.18998
0.05	-0.75	0	0.807373	1.15812
0.05	-0.7	0	0.733496	1.12322
0.05	-0.65	0	0.657838	1.08484
0.05	-0.6	0	0.580832	1.04241
0.05	-0.55	0	0.50301	0.995169
0.05	-0.5	0	0.425145	0.942199
0.05	-0.45	0	0.348399	0.882353
0.05	-0.4	0	0.274427	0.814279
0.05	-0.35	0	0.205376	0.736467
0.05	-0.3	0	0.143711	0.647426
0.05	-0.25	0	0.0918546	0.546084
0.05	-0.2	0	0.0516979	0.432681
0.05	-0.15	0	0.0240863	0.310586
0.05	-0.1	0	0.00834791	0.189707
0.05	-0.05	0	0.00191943	0.0916809
0.05	3.19189e-16	0	0.000717821	0.0535851
0.05	0.05	0	0.00443827	0.117296
0.05	0.1	0	0.0420887	0.290599
0.05	0.15	0	0.21248	0.515804
0.05	0.2	1	0.521602	0.71487
0.05	0.25	1	0.752784	0.85753
0.05	0.3	1	0.863101	0.959397
0.05	0.35	1	0.921119	1.04577
0.05	0.4	1	0.973055	1.13262
0.05	0.45	1	1.0469	1.2253
0.05	0.5	1	1.1631	1.32279
0.05	0.55	1	1.33158	1.4219
0.05	0.6	2	1.53834	1.51963
0.05	0.65	2	1.73758	1.61388
0.05	0.7	2	1.8801	1.70315
0.05	0.75	2	1.95562	1.78354
0.05	0.8	2	1.98656	1.8574
0.05	0.85	2	1.99676	1.91749
0.05	0.9	2	1.99943	1.96053
0.05	0.95	2	1.99993	1.98531
0.05	1	2	1.99999	1.99333
0.05	1.05	2	1.99996	1.9881
0.05	1.1	2	1.99981	1.9738
0.05	1.15	2	1.99939	1.95415
0.05	1.2	2	1.99854	1.93192
0.05	1.25	2	1.99713	1.90897
0.05	1.3	2	1.99504	1.88641
0.05	1.35	2	1.9922	1.86483
0.05	1.4	2	1.98856	1.84453
0.05	1.45	2	1.98411	1.82559
0.05	1.5	2	1.97888	1.808

0.1	-1	0	1.09955	1.23351
0.1	-0.95	0	1.04656	1.25603
0.1	-0.9	0	0.990456	1.23262
0.1	-0.85	0	0.931535	1.2072
0.1	-0.8	0	0.870084	1.1796
0.1	-0.75	0	0.80633	1.14959
0.1	-0.7	0	0.740423	1.11686
0.1	-0.65	0	0.672453	1.081
0.1	-0.6	0	0.60251	1.04149
0.1	-0.55	0	0.530792	0.997686
0.1	-0.5	0	0.457757	0.948758
0.1	-0.45	0	0.384295	0.893729
0.1	-0.4	0	0.311874	0.831474
0.1	-0.35	0	0.24258	0.760812
0.1	-0.3	0	0.178974	0.680716
0.1	-0.25	0	0.123724	0.590761
0.1	-0.2	0	0.0790661	0.49202
0.1	-0.15	0	0.0462639	0.388732
0.1	-0.1	0	0.0252966	0.291143
0.1	-0.05	0	0.0150601	0.219412
0.1	3.19189e-16	0	0.0156431	0.205599
0.1	0.05	0	0.0417057	0.283314
0.1	0.1	0	0.172236	0.453219
0.1	0.15	1	0.51025	0.655032
0.1	0.2	1	0.808654	0.813882
0.1	0.25	1	0.9203	0.910178
0.1	0.3	1	0.952503	0.970996
0.1	0.35	1	0.964575	1.0267
0.1	0.4	1	0.979685	1.09295
0.1	0.45	1	1.01564	1.17301
0.1	0.5	1	1.09291	1.26401
0.1	0.55	1	1.23115	1.36138
0.1	0.6	1	1.43135	1.46104
0.1	0.65	2	1.65208	1.55983
0.1	0.7	2	1.82788	1.65104
0.1	0.75	2	1.92984	1.74132
0.1	0.8	2	1.97565	1.82114
0.1	0.85	2	1.99264	1.88626
0.1	0.9	2	1.99799	1.93336
0.1	0.95	2	1.99943	1.96139
0.1	1	2	1.99973	1.97202
0.1	1.05	2	1.99967	1.96888
0.1	1.1	2	1.99934	1.9562
0.1	1.15	2	1.99861	1.9378
0.1	1.2	2	1.99733	1.91655
0.1	1.25	2	1.99537	1.8944
0.1	1.3	2	1.99265	1.87251
0.1	1.35	2	1.98911	1.85154
0.1	1.4	2	1.98475	1.8318
0.1	1.45	2	1.9796	1.8134
0.1	1.5	2	1.97371	1.79633

0.15	-1	0	1.07551	1.22023
0.15	-0.95	0	1.02804	1.24468
0.15	-0.9	0	0.978304	1.22253
0.15	-0.85	0	0.926495	1.19864
0.15	-0.8	0	0.872741	1.17287
0.15	-0.75	0	0.81708	1.14502
0.15	-0.7	0	0.75945	1.11484
0.15	-0.65	0	0.699704	1.082
0.15	-0.6	0	0.637671	1.04606
0.15	-0.55	0	0.573257	1.0065
0.15	-0.5	0	0.506591	0.962679
0.15	-0.45	0	0.438211	0.913842
0.15	-0.4	0	0.369249	0.859191
0.15	-0.35	0	0.301558	0.797995
0.15	-0.3	0	0.237672	0.729847
0.15	-0.25	0	0.180526	0.655156
0.15	-0.2	0	0.132958	0.57604
0.15	-0.15	0	0.0972476	0.497764
0.15	-0.1	0	0.0752782	0.430791
0.15	-0.05	0	0.0706661	0.392782
0.15	3.19189e-16	0	0.0976141	0.407718
0.15	0.05	0	0.210426	0.495366
0.15	0.1	1	0.509439	0.646131
0.15	0.15	1	0.839838	0.805291
0.15	0.2	1	0.963592	0.913386
0.15	0.25	1	0.987781	0.963174
0.15	0.3	1	0.990256	0.987909
0.15	0.35	1	0.988233	1.01846
0.15	0.4	1	0.989381	1.06793
0.15	0.45	1	1.00558	1.13684
0.15	0.5	1	1.05572	1.22057
0.15	0.55	1	1.16348	1.31362
0.15	0.6	1	1.34223	1.4113
0.15	0.65	2	1.56471	1.50363
0.15	0.7	2	1.76327	1.60125
0.15	0.75	2	1.89163	1.69294
0.15	0.8	2	1.95609	1.77447
0.15	0.85	2	1.98336	1.84163
0.15	0.9	2	1.99366	1.89128
0.15	0.95	2	1.99722	1.92246
0.15	1	2	1.99831	1.93669
0.15	1.05	2	1.99839	1.93724
0.15	1.1	2	1.99788	1.92804
0.15	1.15	2	1.99677	1.9127
0.15	1.2	2	1.99498	1.89405
0.15	1.25	2	1.99241	1.87405
0.15	1.3	2	1.98902	1.85395
0.15	1.35	2	1.98478	1.83448
0.15	1.4	2	1.97973	1.81601
0.15	1.45	2	1.9739	1.7987
0.15	1.5	2	1.96737	1.78259

0.2	-1	0	1.06062	1.20971
0.2	-0.95	0	1.0189	1.23599
0.2	-0.9	0	0.97567	1.21525
0.2	-0.85	0	0.931053	1.19307
0.2	-0.8	0	0.88509	1.16933
0.2	-0.75	0	0.837716	1.14389
0.2	-0.7	0	0.788757	1.11656
0.2	-0.65	0	0.737938	1.0871
0.2	-0.6	0	0.684932	1.05519
0.2	-0.55	0	0.629437	1.02047
0.2	-0.5	0	0.571302	0.982477
0.2	-0.45	0	0.510703	0.94073
0.2	-0.4	0	0.44836	0.894765
0.2	-0.35	0	0.385758	0.844284
0.2	-0.3	0	0.325293	0.789425
0.2	-0.25	0	0.270263	0.731242
0.2	-0.2	0	0.224689	0.672465
0.2	-0.15	0	0.193314	0.618586
0.2	-0.1	0	0.182851	0.578985
0.2	-0.05	0	0.207068	0.567213
0.2	3.19189e-16	0	0.299762	0.598275
0.2	0.05	1	0.516991	0.679742
0.2	0.1	1	0.80728	0.797006
0.2	0.15	1	0.963418	0.90834
0.2	0.2	1	0.996421	0.973806
0.2	0.25	1	0.999488	0.99336
0.2	0.3	1	0.998874	0.997967
0.2	0.35	1	0.99648	1.01479
0.2	0.4	1	0.994928	1.05404
0.2	0.45	1	1.00307	1.11453
0.2	0.5	1	1.03729	1.191
0.2	0.55	1	1.1207	1.27786
0.2	0.6	1	1.27246	1.36256
0.2	0.65	2	1.4803	1.45801
0.2	0.7	2	1.68725	1.55217
0.2	0.75	2	1.83796	1.6412
0.2	0.8	2	1.92367	1.721
0.2	0.85	2	1.96513	1.78769
0.2	0.9	2	1.9834	1.83844
0.2	0.95	2	1.99101	1.87233
0.2	1	2	1.99395	1.8905
0.2	1.05	2	1.99473	1.89565
0.2	1.1	2	1.99429	1.89111
0.2	1.15	2	1.99292	1.88011
0.2	1.2	2	1.99067	1.86527
0.2	1.25	2	1.98754	1.84851
0.2	1.3	2	1.98353	1.83112
0.2	1.35	2	1.97866	1.81391
0.2	1.4	2	1.97298	1.79733
0.2	1.45	2	1.96657	1.78162
0.2	1.5	2	1.95951	1.76687

0.25	-1	0	1.05345	1.20164
0.25	-0.95	0	1.01752	1.22964
0.25	-0.9	0	0.980783	1.21043
0.25	-0.85	0	0.943326	1.19006
0.25	-0.8	0	0.905167	1.16849
0.25	-0.75	0	0.86622	1.14561
0.25	-0.7	0	0.826294	1.12132
0.25	-0.65	0	0.785101	1.09547
0.25	-0.6	0	0.74228	1.06788
0.25	-0.55	0	0.697453	1.03831
0.25	-0.5	0	0.650318	1.00652
0.25	-0.45	0	0.600786	0.972273
0.25	-0.4	0	0.549195	0.935379
0.25	-0.35	0	0.496587	0.895869
0.25	-0.3	0	0.445041	0.854202
0.25	-0.25	0	0.398031	0.81165
0.25	-0.2	0	0.360797	0.770843
0.25	-0.15	0	0.34101	0.736407
0.25	-0.1	0	0.350538	0.715332
0.25	-0.05	0	0.409049	0.716325
0.25	3.19189e-16	1	0.542953	0.746974
0.25	0.05	1	0.746202	0.807949
0.25	0.1	1	0.918794	0.886168
0.25	0.15	1	0.987629	0.95517
0.25	0.2	1	0.999485	0.992323
0.25	0.25	1	1	1
0.25	0.3	1	0.999814	1.00084
0.25	0.35	1	0.998464	1.01508
0.25	0.4	1	0.997296	1.0502
0.25	0.45	1	1.00312	1.10476
0.25	0.5	1	1.02941	1.17411
0.25	0.55	1	1.09608	1.25344
0.25	0.6	1	1.22233	1.33038
0.25	0.65	1	1.40598	1.41865
0.25	0.7	2	1.60628	1.50632
0.25	0.75	2	1.77013	1.58981
0.25	0.8	2	1.87594	1.66541
0.25	0.85	2	1.93426	1.7297
0.25	0.9	2	1.96365	1.78021
0.25	0.95	2	1.97776	1.81601
0.25	1	2	1.98421	1.8378
0.25	1.05	2	1.98673	1.84762
0.25	1.1	2	1.98702	1.84814
0.25	1.15	2	1.9858	1.84205
0.25	1.2	2	1.98338	1.83168
0.25	1.25	2	1.9799	1.81882
0.25	1.3	2	1.97546	1.80477
0.25	1.35	2	1.97013	1.79037
0.25	1.4	2	1.964	1.77616
0.25	1.45	2	1.95717	1.76244
0.25	1.5	2	1.94974	1.7494

0.3	-1	0	1.05253	1.19568
0.3	-0.95	0	1.0223	1.22528
0.3	-0.9	0	0.991897	1.20766
0.3	-0.85	0	0.961441	1.18919
0.3	-0.8	0	0.930967	1.16984
0.3	-0.75	0	0.900437	1.1496
0.3	-0.7	0	0.869726	1.12842
0.3	-0.65	0	0.83863	1.10626
0.3	-0.6	0	0.806882	1.08306
0.3	-0.55	0	0.77418	1.05873
0.3	-0.5	0	0.740248	1.03319
0.3	-0.45	0	0.704926	1.00641
0.3	-0.4	0	0.668321	0.97842
0.3	-0.35	0	0.631055	0.94942
0.3	-0.3	0	0.59462	0.919948
0.3	-0.25	0	0.561901	0.891097
0.3	-0.2	0	0.537853	0.86482
0.3	-0.15	0	0.530349	0.844191
0.3	-0.1	0	0.550928	0.833384
0.3	-0.05	1	0.613597	0.836917
0.3	3.19189e-16	1	0.724358	0.857733
0.3	0.05	1	0.855894	0.894244
0.3	0.1	1	0.951159	0.937872
0.3	0.15	1	0.990152	0.974725
0.3	0.2	1	0.998879	0.994458
0.3	0.25	1	0.999816	1.00004
0.3	0.3	1	0.99956	1.00521
0.3	0.35	1	0.998608	1.02241
0.3	0.4	1	0.998501	1.05642
0.3	0.45	1	1.00475	1.10616
0.3	0.5	1	1.02807	1.16828
0.3	0.55	1	1.08432	1.23053
0.3	0.6	1	1.18966	1.3069
0.3	0.65	1	1.34652	1.38631
0.3	0.7	2	1.52894	1.46571
0.3	0.75	2	1.69393	1.54194
0.3	0.8	2	1.81406	1.61179
0.3	0.85	2	1.88899	1.67233
0.3	0.9	2	1.93157	1.72144
0.3	0.95	2	1.95457	1.75813
0.3	1	2	1.96651	1.78276
0.3	1.05	2	1.97224	1.79672
0.3	1.1	2	1.9743	1.802
0.3	1.15	2	1.97398	1.80078
0.3	1.2	2	1.97196	1.79501
0.3	1.25	2	1.96858	1.7863
0.3	1.3	2	1.96407	1.77587
0.3	1.35	2	1.9586	1.76459
0.3	1.4	2	1.9523	1.75303
0.3	1.45	2	1.94531	1.74159
0.3	1.5	2	1.93775	1.73047

0.35	-1	0	1.05645	1.19153
0.35	-0.95	0	1.03168	1.2226
0.35	-0.9	0	1.00733	1.20659
0.35	-0.85	0	0.983564	1.19001
0.35	-0.8	0	0.960476	1.17288
0.35	-0.75	0	0.938114	1.15526
0.35	-0.7	0	0.916475	1.13716
0.35	-0.65	0	0.895509	1.11864
0.35	-0.6	0	0.875132	1.09972
0.35	-0.55	0	0.855242	1.08048
0.35	-0.5	0	0.835751	1.06097
0.35	-0.45	0	0.816625	1.04131
0.35	-0.4	0	0.797955	1.02166
0.35	-0.35	0	0.780067	1.00231
0.35	-0.3	0	0.763699	0.983703
0.35	-0.25	0	0.75028	0.96653
0.35	-0.2	0	0.742317	0.951828
0.35	-0.15	0	0.743824	0.941011
0.35	-0.1	1	0.760376	0.935758
0.35	-0.05	1	0.797473	0.937606
0.35	3.19189e-16	1	0.854796	0.947132
0.35	0.05	1	0.918259	0.962899
0.35	0.1	1	0.96575	0.980884
0.35	0.15	1	0.989075	0.995713
0.35	0.2	1	0.996828	1.00443
0.35	0.25	1	0.998642	1.00996
0.35	0.3	1	0.998765	1.01954
0.35	0.35	1	0.99868	1.03946
0.35	0.4	1	1.00046	1.07211
0.35	0.45	1	1.00876	1.11675
0.35	0.5	1	1.03197	1.16295
0.35	0.55	1	1.08199	1.22425
0.35	0.6	1	1.17109	1.29106
0.35	0.65	1	1.3028	1.36092
0.35	0.7	2	1.46182	1.43131
0.35	0.75	2	1.61735	1.49952
0.35	0.8	2	1.74305	1.56284
0.35	0.85	2	1.8308	1.61882
0.35	0.9	2	1.88643	1.6656
0.35	0.95	2	1.91974	1.70221
0.35	1	2	1.93892	1.72867
0.35	1.05	2	1.94945	1.74587
0.35	1.1	2	1.95458	1.75523
0.35	1.15	2	1.9562	1.75839
0.35	1.2	2	1.95537	1.75694
0.35	1.25	2	1.95274	1.75226
0.35	1.3	2	1.9487	1.74545
0.35	1.35	2	1.94353	1.73736
0.35	1.4	2	1.93746	1.72857
0.35	1.45	2	1.93064	1.71952
0.35	1.5	2	1.92325	1.71046

0.4	-1	1.5	1.0639	1.18886
0.4	-0.95	1.5	1.04422	1.22127
0.4	-0.9	1.5	1.02551	1.20684
0.4	-0.85	1.5	1.00796	1.1921
0.4	-0.8	1.5	0.991738	1.17714
0.4	-0.75	1.5	0.977002	1.16203
0.4	-0.7	1.5	0.963882	1.14688
0.4	-0.65	1.5	0.952504	1.1318
0.4	-0.6	1.5	0.942995	1.11694
0.4	-0.55	1.5	0.935496	1.10244
0.4	-0.5	1.5	0.930171	1.08852
0.4	-0.45	1.5	0.927207	1.07539
0.4	-0.4	1.5	0.926804	1.06331
0.4	-0.35	1.5	0.929128	1.05259
0.4	-0.3	1.5	0.934238	1.04353
0.4	-0.25	1.5	0.941962	1.03642
0.4	-0.2	1.5	0.951745	1.03144
0.4	-0.15	1.5	0.962553	1.02861
0.4	-0.1	1.5	0.972954	1.02769
0.4	-0.05	1	0.98156	1.02821
0.4	3.19189e-16	1	0.987752	1.02953
0.4	0.05	1	0.992036	1.03097
0.4	0.1	1	0.995236	1.0319
0.4	0.15	1	0.997517	1.03214
0.4	0.2	1	0.998836	1.03273
0.4	0.25	1	0.999525	1.03643
0.4	0.3	1	1.00017	1.04671
0.4	0.35	1	1.00173	1.06609
0.4	0.4	1	1.00617	1.09536
0.4	0.45	1	1.01731	1.12603
0.4	0.5	1	1.04146	1.17168
0.4	0.55	1	1.08726	1.22401
0.4	0.6	1	1.16338	1.28133
0.4	0.65	1	1.27309	1.34172
0.4	0.7	1	1.40776	1.40311
0.4	0.75	2	1.5471	1.46324
0.4	0.8	2	1.66973	1.51986
0.4	0.85	2	1.76416	1.57089
0.4	0.9	2	1.83021	1.61472
0.4	0.95	2	1.8736	1.6504
0.4	1	2	1.90094	1.67774
0.4	1.05	2	1.91751	1.6972
0.4	1.1	2	1.92695	1.70975
0.4	1.15	2	1.93159	1.71657
0.4	1.2	2	1.93289	1.7189
0.4	1.25	2	1.93178	1.71788
0.4	1.3	2	1.92886	1.71447
0.4	1.35	2	1.92455	1.70945
0.4	1.4	2	1.91917	1.70339
0.4	1.45	2	1.91295	1.69672
0.4	1.5	2	1.90608	1.68976

0.45	-1	1.5	1.07369	1.1874
0.45	-0.95	1.5	1.05864	1.17497
0.45	-0.9	1.5	1.04502	1.20808
0.45	-0.85	1.5	1.03304	1.1951
0.45	-0.8	1.5	1.02296	1.18216
0.45	-0.75	1.5	1.01501	1.1694
0.45	-0.7	1.5	1.00945	1.15697
0.45	-0.65	1.5	1.00654	1.14505
0.45	-0.6	1.5	1.00658	1.13386
0.45	-0.55	1.5	1.00991	1.12365
0.45	-0.5	1.5	1.01689	1.11471
0.45	-0.45	1.5	1.02786	1.10736
0.45	-0.4	1.5	1.04307	1.10193
0.45	-0.35	1.5	1.06255	1.09877
0.45	-0.3	1.5	1.08581	1.09808
0.45	-0.25	1.5	1.11156	1.09988
0.45	-0.2	1.5	1.13741	1.10375
0.45	-0.15	1.5	1.15963	1.1087
0.45	-0.1	1.5	1.17334	1.1131
0.45	-0.05	1.5	1.17321	1.11495
0.45	3.19189e-16	1.5	1.15516	1.11263
0.45	0.05	1	1.12022	1.10582
0.45	0.1	1	1.07863	1.09591
0.45	0.15	1	1.04488	1.08577
0.45	0.2	1	1.02512	1.07871
0.45	0.25	1	1.01616	1.07761
0.45	0.3	1	1.01345	1.08431
0.45	0.35	1	1.01489	1.09957
0.45	0.4	1	1.02083	1.11552
0.45	0.45	1	1.03367	1.14627
0.45	0.5	1	1.05783	1.18401
0.45	0.55	1	1.0993	1.2277
0.45	0.6	1	1.16403	1.27605
0.45	0.65	1	1.25465	1.32755
0.45	0.7	1	1.36651	1.38047
0.45	0.75	2	1.48691	1.43294
0.45	0.8	2	1.60017	1.48307
0.45	0.85	2	1.69484	1.52911
0.45	0.9	2	1.76702	1.56965
0.45	0.95	2	1.81855	1.60379
0.45	1	2	1.8537	1.63118
0.45	1.05	2	1.87683	1.652
0.45	1.1	2	1.89142	1.66683
0.45	1.15	2	1.9	1.67652
0.45	1.2	2	1.9043	1.68198
0.45	1.25	2	1.90549	1.68412
0.45	1.3	2	1.90437	1.68374
0.45	1.35	2	1.90151	1.68153
0.45	1.4	2	1.89733	1.67803
0.45	1.45	2	1.89214	1.67366
0.45	1.5	2	1.88618	1.66873

0.5	-1	1.5	1.08477	1.18687
0.5	-0.95	1.5	1.07382	1.17582
0.5	-0.9	1.5	1.06463	1.21002
0.5	-0.85	1.5	1.05747	1.19865
0.5	-0.8	1.5	1.05262	1.18756
0.5	-0.75	1.5	1.05038	1.17692
0.5	-0.7	1.5	1.05108	1.16692
0.5	-0.65	1.5	1.05506	1.15779
0.5	-0.6	1.5	1.06272	1.14981
0.5	-0.55	1.5	1.07449	1.1433
0.5	-0.5	1.5	1.09078	1.13861
0.5	-0.45	1.5	1.11195	1.13617
0.5	-0.4	1.5	1.13817	1.13638
0.5	-0.35	1.5	1.16917	1.13965
0.5	-0.3	1.5	1.20403	1.14622
0.5	-0.25	1.5	1.24079	1.15602
0.5	-0.2	1.5	1.27639	1.16836
0.5	-0.15	1.5	1.30685	1.18165
0.5	-0.1	1.5	1.32773	1.1932
0.5	-0.05	1.5	1.33457	1.19958
0.5	3.19189e-16	1.5	1.32265	1.19782
0.5	0.05	1.5	1.28753	1.18714
0.5	0.1	1.5	1.23	1.16995
0.5	0.15	1	1.16352	1.15109
0.5	0.2	1	1.10821	1.13564
0.5	0.25	1	1.07323	1.12717
0.5	0.3	1	1.05533	1.1272
0.5	0.35	1	1.04887	1.12803
0.5	0.4	1	1.05083	1.14422
0.5	0.45	1	1.06117	1.16774
0.5	0.5	1	1.08213	1.1978
0.5	0.55	1	1.11745	1.23349
0.5	0.6	1	1.17101	1.27371
0.5	0.65	1	1.24476	1.31718
0.5	0.7	1	1.33622	1.36245
0.5	0.75	2	1.43764	1.40794
0.5	0.8	2	1.53813	1.45204
0.5	0.85	2	1.62795	1.49329
0.5	0.9	2	1.70166	1.53045
0.5	0.95	2	1.75831	1.56265
0.5	1	2	1.79978	1.58947
0.5	1.05	2	1.82906	1.61089
0.5	1.1	2	1.84902	1.62723
0.5	1.15	2	1.86207	1.63902
0.5	1.2	2	1.86999	1.64694
0.5	1.25	2	1.87412	1.65169
0.5	1.3	2	1.87541	1.65391
0.5	1.35	2	1.87455	1.65418
0.5	1.4	2	1.87205	1.65299
0.5	1.45	2	1.86832	1.65074
0.5	1.5	2	1.86364	1.64773

0.55	-1	1.5	1.09628	1.18704
0.55	-0.95	1.5	1.08882	1.17726
0.55	-0.9	1.5	1.08335	1.21238
0.55	-0.85	1.5	1.08016	1.20246
0.55	-0.8	1.5	1.07953	1.19301
0.55	-0.75	1.5	1.08178	1.18422
0.55	-0.7	1.5	1.08726	1.1763
0.55	-0.65	1.5	1.09633	1.16954
0.55	-0.6	1.5	1.1094	1.16423
0.55	-0.55	1.5	1.12686	1.16074
0.55	-0.5	1.5	1.1491	1.15951
0.55	-0.45	1.5	1.17636	1.161
0.55	-0.4	1.5	1.20863	1.16574
0.55	-0.35	1.5	1.2454	1.17422
0.55	-0.3	1.5	1.28536	1.18685
0.55	-0.25	1.5	1.32616	1.20368
0.55	-0.2	1.5	1.36452	1.2241
0.55	-0.15	1.5	1.39676	1.24628
0.55	-0.1	1.5	1.41979	1.26672
0.55	-0.05	1.5	1.43164	1.28033
0.55	3.19189e-16	1.5	1.43055	1.28207
0.55	0.05	1.5	1.41315	1.26984
0.55	0.1	1.5	1.37414	1.24663
0.55	0.15	1.5	1.31245	1.21921
0.55	0.2	1.5	1.24023	1.19464
0.55	0.25	1	1.17713	1.17753
0.55	0.3	1	1.13364	1.16202
0.55	0.35	1	1.10884	1.16272
0.55	0.4	1	1.09856	1.17179
0.55	0.45	1	1.10024	1.1883
0.55	0.5	1	1.11365	1.21133
0.55	0.55	1	1.14034	1.23991
0.55	0.6	1	1.18238	1.27301
0.55	0.65	1	1.24093	1.30949
0.55	0.7	1	1.31454	1.34806
0.55	0.75	1	1.39839	1.38737
0.55	0.8	2	1.48505	1.42607
0.55	0.85	2	1.56688	1.46287
0.55	0.9	2	1.63831	1.49671
0.55	0.95	2	1.69682	1.52678
0.55	1	2	1.74244	1.55262
0.55	1.05	2	1.77668	1.57406
0.55	1.1	2	1.80157	1.59124
0.55	1.15	2	1.81909	1.60448
0.55	1.2	2	1.83092	1.61425
0.55	1.25	2	1.83838	1.62106
0.55	1.3	2	1.8425	1.62542
0.55	1.35	2	1.84407	1.62781
0.55	1.4	2	1.84366	1.62866
0.55	1.45	2	1.84175	1.6283
0.55	1.5	2	1.83868	1.62705

0.6	-1	1.5	1.10754	1.1877
0.6	-0.95	1.5	1.10294	1.17906
0.6	-0.9	1.5	1.10046	1.21494
0.6	-0.85	1.5	1.10035	1.20629
0.6	-0.8	1.5	1.1029	1.19824
0.6	-0.75	1.5	1.1084	1.191
0.6	-0.7	1.5	1.11715	1.1848
0.6	-0.65	1.5	1.1295	1.17992
0.6	-0.6	1.5	1.14577	1.17671
0.6	-0.55	1.5	1.1663	1.17554
0.6	-0.5	1.5	1.19136	1.17689
0.6	-0.45	1.5	1.2211	1.18127
0.6	-0.4	1.5	1.25541	1.18929
0.6	-0.35	1.5	1.29367	1.20161
0.6	-0.3	1.5	1.33449	1.21886
0.6	-0.25	1.5	1.37541	1.24144
0.6	-0.2	1.5	1.41298	1.26913
0.6	-0.15	1.5	1.44349	1.3003
0.6	-0.1	1.5	1.46449	1.33083
0.6	-0.05	1.5	1.47573	1.35358
0.6	3.19189e-16	1.5	1.47822	1.36037
0.6	0.05	1.5	1.4714	1.34699
0.6	0.1	1.5	1.451	1.31729
0.6	0.15	1.5	1.41099	1.28091
0.6	0.2	1.5	1.35136	1.24162
0.6	0.25	1.5	1.28393	1.21533
0.6	0.3	1.5	1.22458	1.19925
0.6	0.35	1	1.1818	1.19311
0.6	0.4	1	1.1562	1.19584
0.6	0.45	1	1.14567	1.20627
0.6	0.5	1	1.14876	1.2233
0.6	0.55	1	1.16531	1.24588
0.6	0.6	1	1.1959	1.27298
0.6	0.65	1	1.24087	1.30353
0.6	0.7	1	1.29913	1.33639
0.6	0.75	1	1.36746	1.37038
0.6	0.8	2	1.44075	1.40432
0.6	0.85	2	1.51318	1.43712
0.6	0.9	2	1.57978	1.46784
0.6	0.95	2	1.63738	1.49573
0.6	1	2	1.68483	1.52032
0.6	1.05	2	1.72243	1.54138
0.6	1.1	2	1.7513	1.55889
0.6	1.15	2	1.77284	1.57304
0.6	1.2	2	1.78845	1.58413
0.6	1.25	2	1.79933	1.59251
0.6	1.3	2	1.80649	1.59858
0.6	1.35	2	1.81074	1.60273
0.6	1.4	2	1.81269	1.6053
0.6	1.45	2	1.81287	1.60661
0.6	1.5	2	1.81165	1.60692

0.65	-1	1.5	1.11803	1.18868
0.65	-0.95	1.5	1.11569	1.18105
0.65	-0.9	1.5	1.11547	1.17392
0.65	-0.85	1.5	1.1176	1.20995
0.65	-0.8	1.5	1.12231	1.20305
0.65	-0.75	1.5	1.12987	1.19705
0.65	-0.7	1.5	1.1405	1.19218
0.65	-0.65	1.5	1.15446	1.18872
0.65	-0.6	1.5	1.172	1.18701
0.65	-0.55	1.5	1.19334	1.18743
0.65	-0.5	1.5	1.21868	1.19044
0.65	-0.45	1.5	1.24813	1.19661
0.65	-0.4	1.5	1.28163	1.20659
0.65	-0.35	1.5	1.31876	1.22117
0.65	-0.3	1.5	1.35846	1.24126
0.65	-0.25	1.5	1.39854	1.26775
0.65	-0.2	1.5	1.43544	1.30115
0.65	-0.15	1.5	1.46481	1.34058
0.65	-0.1	1.5	1.48369	1.38176
0.65	-0.05	1.5	1.49268	1.41511
0.65	3.19189e-16	1.5	1.49495	1.42764
0.65	0.05	1.5	1.49202	1.412
0.65	0.1	1.5	1.48054	1.37422
0.65	0.15	1.5	1.45409	1.32506
0.65	0.2	1.5	1.4094	1.28226
0.65	0.25	1.5	1.35176	1.24939
0.65	0.3	1.5	1.29299	1.22778
0.65	0.35	1.5	1.24357	1.21667
0.65	0.4	1.5	1.20838	1.21469
0.65	0.45	1	1.188	1.22048
0.65	0.5	1	1.18166	1.23282
0.65	0.55	1	1.18875	1.25063
0.65	0.6	1	1.2091	1.27289
0.65	0.65	1	1.24247	1.29858
0.65	0.7	1	1.28787	1.32669
0.65	0.75	1	1.34299	1.35618
0.65	0.8	2	1.4042	1.38604
0.65	0.85	2	1.4671	1.4153
0.65	0.9	2	1.5275	1.44316
0.65	0.95	2	1.58224	1.46894
0.65	1	2	1.62952	1.49216
0.65	1.05	2	1.6688	1.51256
0.65	1.1	2	1.70042	1.53005
0.65	1.15	2	1.7252	1.54468
0.65	1.2	2	1.74414	1.55663
0.65	1.25	2	1.75824	1.56617
0.65	1.3	2	1.7684	1.57356
0.65	1.35	2	1.77538	1.57913
0.65	1.4	2	1.77982	1.58314
0.65	1.45	2	1.78223	1.58586
0.65	1.5	2	1.78302	1.58753

0.7	-1	1.5	1.12743	1.18984
0.7	-0.95	1.5	1.12676	1.18307
0.7	-0.9	1.5	1.12812	1.17686
0.7	-0.85	1.5	1.1317	1.21332
0.7	-0.8	1.5	1.13769	1.20733
0.7	-0.75	1.5	1.14625	1.20226
0.7	-0.7	1.5	1.15754	1.19834
0.7	-0.65	1.5	1.17173	1.19584
0.7	-0.6	1.5	1.18894	1.19504
0.7	-0.55	1.5	1.20931	1.19633
0.7	-0.5	1.5	1.23297	1.20012
0.7	-0.45	1.5	1.26005	1.20695
0.7	-0.4	1.5	1.29068	1.21748
0.7	-0.35	1.5	1.32489	1.23257
0.7	-0.3	1.5	1.36236	1.25333
0.7	-0.25	1.5	1.40181	1.28115
0.7	-0.2	1.5	1.43998	1.31752
0.7	-0.15	1.5	1.47138	1.36298
0.7	-0.1	1.5	1.49078	1.41423
0.7	-0.05	1.5	1.49826	1.45933
0.7	3.19189e-16	1.5	1.49954	1.47813
0.7	0.05	1.5	1.4982	1.45829
0.7	0.1	1.5	1.49004	1.40903
0.7	0.15	1.5	1.46758	1.3535
0.7	0.2	1.5	1.42865	1.30538
0.7	0.25	1.5	1.37865	1.26937
0.7	0.3	1.5	1.32642	1.24541
0.7	0.35	1.5	1.27972	1.23198
0.7	0.4	1.5	1.24323	1.22742
0.7	0.45	1.5	1.21885	1.2303
0.7	0.5	1.5	1.20691	1.23941
0.7	0.55	1	1.20725	1.25371
0.7	0.6	1	1.21969	1.27225
0.7	0.65	1	1.24389	1.2941
0.7	0.7	1	1.27898	1.31837
0.7	0.75	1	1.32325	1.34414
0.7	0.8	1	1.37405	1.37054
0.7	0.85	2	1.42805	1.39675
0.7	0.9	2	1.48186	1.42204
0.7	0.95	2	1.53258	1.44583
0.7	1	2	1.57822	1.46766
0.7	1.05	2	1.61771	1.48724
0.7	1.1	2	1.65084	1.50444
0.7	1.15	2	1.6779	1.51923
0.7	1.2	2	1.69952	1.53171
0.7	1.25	2	1.71641	1.54204
0.7	1.3	2	1.72932	1.55043
0.7	1.35	2	1.73892	1.5571
0.7	1.4	2	1.74579	1.56228
0.7	1.45	2	1.75045	1.56619
0.7	1.5	2	1.75331	1.56903

0.75	-1	1.5	1.13554	1.19107
0.75	-0.95	1.5	1.13601	1.18503
0.75	-0.9	1.5	1.13836	1.17957
0.75	-0.85	1.5	1.14272	1.21632
0.75	-0.8	1.5	1.1492	1.211
0.75	-0.75	1.5	1.1579	1.20658
0.75	-0.7	1.5	1.16888	1.20326
0.75	-0.65	1.5	1.18219	1.20127
0.75	-0.6	1.5	1.19787	1.20087
0.75	-0.55	1.5	1.21592	1.20236
0.75	-0.5	1.5	1.23642	1.2061
0.75	-0.45	1.5	1.25949	1.21253
0.75	-0.4	1.5	1.28544	1.22223
0.75	-0.35	1.5	1.31475	1.23598
0.75	-0.3	1.5	1.34809	1.25491
0.75	-0.25	1.5	1.38578	1.28065
0.75	-0.2	1.5	1.42635	1.31553
0.75	-0.15	1.5	1.4642	1.36193
0.75	-0.1	1.5	1.48993	1.41915
0.75	-0.05	1.5	1.49921	1.47488
0.75	3.19189e-16	1.5	1.5	1.5
0.75	0.05	1.5	1.4992	1.47421
0.75	0.1	1.5	1.48965	1.41606
0.75	0.15	1.5	1.46242	1.35602
0.75	0.2	1.5	1.42072	1.30809
0.75	0.25	1.5	1.37388	1.27391
0.75	0.3	1.5	1.32883	1.25151
0.75	0.35	1.5	1.28933	1.23873
0.75	0.4	1.5	1.25752	1.23386
0.75	0.45	1.5	1.23469	1.23561
0.75	0.5	1.5	1.22162	1.24294
0.75	0.55	1.5	1.21871	1.25494
0.75	0.6	1.5	1.22614	1.27081
0.75	0.65	1	1.24379	1.28975
0.75	0.7	1	1.27108	1.31098
0.75	0.75	1	1.30678	1.33374
0.75	0.8	1	1.34896	1.35726
0.75	0.85	2	1.39513	1.38087
0.75	0.9	2	1.44257	1.40391
0.75	0.95	2	1.48878	1.42588
0.75	1	2	1.53182	1.44635
0.75	1.05	2	1.57042	1.46504
0.75	1.1	2	1.60396	1.48177
0.75	1.15	2	1.63237	1.4965
0.75	1.2	2	1.6559	1.50923
0.75	1.25	2	1.67503	1.52008
0.75	1.3	2	1.69028	1.52918
0.75	1.35	2	1.70223	1.53669
0.75	1.4	2	1.71137	1.5428
0.75	1.45	2	1.71818	1.54768
0.75	1.5	2	1.72305	1.55149

0.8	-1	1.5	1.14228	1.1923
0.8	-0.95	1.5	1.14344	1.18684
0.8	-0.9	1.5	1.14628	1.18197
0.8	-0.85	1.5	1.15086	1.17781
0.8	-0.8	1.5	1.15722	1.21405
0.8	-0.75	1.5	1.16539	1.21003
0.8	-0.7	1.5	1.17533	1.20701
0.8	-0.65	1.5	1.18697	1.20516
0.8	-0.6	1.5	1.20025	1.2047
0.8	-0.55	1.5	1.21505	1.20583
0.8	-0.5	1.5	1.23131	1.2088
0.8	-0.45	1.5	1.24906	1.21392
0.8	-0.4	1.5	1.26855	1.22157
0.8	-0.35	1.5	1.2904	1.23227
0.8	-0.3	1.5	1.31577	1.24683
0.8	-0.25	1.5	1.34648	1.26659
0.8	-0.2	1.5	1.38434	1.29378
0.8	-0.15	1.5	1.42849	1.33164
0.8	-0.1	1.5	1.46978	1.38103
0.8	-0.05	1.5	1.49302	1.43733
0.8	3.19189e-16	1.5	1.49801	1.46484
0.8	0.05	1.5	1.493	1.43698
0.8	0.1	1.5	1.46953	1.3801
0.8	0.15	1.5	1.42736	1.3279
0.8	0.2	1.5	1.38126	1.28961
0.8	0.25	1.5	1.3403	1.26355
0.8	0.3	1.5	1.30581	1.24687
0.8	0.35	1.5	1.27705	1.23762
0.8	0.4	1.5	1.25373	1.23454
0.8	0.45	1.5	1.23635	1.23677
0.8	0.5	1.5	1.22574	1.24359
0.8	0.55	1.5	1.22271	1.25438
0.8	0.6	1.5	1.22786	1.2685
0.8	0.65	1.5	1.24144	1.28534
0.8	0.7	1.5	1.26323	1.30425
0.8	0.75	1	1.29247	1.32461
0.8	0.8	1	1.32778	1.34578
0.8	0.85	2	1.36731	1.36719
0.8	0.9	2	1.40897	1.38828
0.8	0.95	2	1.45067	1.40861
0.8	1	2	1.49065	1.4278
0.8	1.05	2	1.52759	1.44557
0.8	1.1	2	1.56069	1.46174
0.8	1.15	2	1.5896	1.47624
0.8	1.2	2	1.61431	1.48903
0.8	1.25	2	1.63505	1.50017
0.8	1.3	2	1.65218	1.50975
0.8	1.35	2	1.6661	1.51788
0.8	1.4	2	1.67725	1.5247
0.8	1.45	2	1.68602	1.53035
0.8	1.5	2	1.69276	1.53497

0.85	-1	1.5	1.14769	1.06149
0.85	-0.95	1.5	1.14917	1.18849
0.85	-0.9	1.5	1.15209	1.18405
0.85	-0.85	1.5	1.15645	1.18029
0.85	-0.8	1.5	1.16225	1.21655
0.85	-0.75	1.5	1.1694	1.21271
0.85	-0.7	1.5	1.1778	1.20972
0.85	-0.65	1.5	1.18728	1.20773
0.85	-0.6	1.5	1.19764	1.20684
0.85	-0.55	1.5	1.20863	1.20718
0.85	-0.5	1.5	1.22001	1.20886
0.85	-0.45	1.5	1.23157	1.212
0.85	-0.4	1.5	1.24323	1.2167
0.85	-0.35	1.5	1.25511	1.22307
0.85	-0.3	1.5	1.26774	1.23129
0.85	-0.25	1.5	1.28227	1.24172
0.85	-0.2	1.5	1.3008	1.25049
0.85	-0.15	1.5	1.32647	1.26966
0.85	-0.1	1.5	1.36163	1.29429
0.85	-0.05	1.5	1.39949	1.32186
0.85	3.19189e-16	1.5	1.41715	1.33607
0.85	0.05	1.5	1.39944	1.32182
0.85	0.1	1.5	1.36142	1.29446
0.85	0.15	1.5	1.32584	1.27064
0.85	0.2	1.5	1.29933	1.2533
0.85	0.25	1.5	1.27945	1.24134
0.85	0.3	1.5	1.26319	1.23382
0.85	0.35	1.5	1.249	1.23031
0.85	0.4	1.5	1.23671	1.23061
0.85	0.45	1.5	1.22705	1.23454
0.85	0.5	1.5	1.22115	1.24187
0.85	0.55	1.5	1.22021	1.25229
0.85	0.6	1.5	1.22521	1.26542
0.85	0.65	1.5	1.23675	1.28082
0.85	0.7	1.5	1.25499	1.29801
0.85	0.75	1.5	1.27955	1.31649
0.85	0.8	1.5	1.30956	1.33576
0.85	0.85	1	1.34368	1.35533
0.85	0.9	2	1.38031	1.37475
0.85	0.95	2	1.41778	1.39362
0.85	1	2	1.45456	1.41162
0.85	1.05	2	1.4894	1.42849
0.85	1.1	2	1.52145	1.44405
0.85	1.15	2	1.5502	1.45821
0.85	1.2	2	1.57544	1.47091
0.85	1.25	2	1.59722	1.48217
0.85	1.3	2	1.61571	1.49204
0.85	1.35	2	1.63121	1.50061
0.85	1.4	2	1.64403	1.50796
0.85	1.45	2	1.6545	1.51422
0.85	1.5	2	1.66293	1.51949

0.9	-1	1	1.15186	1.06468
0.9	-0.95	1	1.15337	1.0653
0.9	-0.9	1	1.15606	1.18583
0.9	-0.85	1	1.15991	1.18232
0.9	-0.8	1	1.16483	1.17951
0.9	-0.75	1	1.17067	1.21473
0.9	-0.7	1	1.17726	1.2116
0.9	-0.65	1	1.18434	1.20923
0.9	-0.6	1	1.19158	1.20768
0.9	-0.55	1	1.19861	1.20697
0.9	-0.5	1	1.20499	1.20706
0.9	-0.45	1	1.21019	1.20786
0.9	-0.4	1	1.21366	1.20919
0.9	-0.35	1	1.21472	1.19954
0.9	-0.3	1	1.21251	1.20315
0.9	-0.25	1	1.20579	1.20513
0.9	-0.2	1	1.19262	1.204
0.9	-0.15	1	1.17026	1.19751
0.9	-0.1	1	1.13689	1.18315
0.9	-0.05	1	1.09983	1.16252
0.9	3.19189e-16	1	1.08237	1.1509
0.9	0.05	1	1.09983	1.16296
0.9	0.1	1	1.13687	1.1843
0.9	0.15	1	1.17016	1.19992
0.9	0.2	1	1.19227	1.20853
0.9	0.25	1	1.20497	1.21304
0.9	0.3	1	1.21107	1.21601
0.9	0.35	1	1.21285	1.21918
0.9	0.4	1	1.2122	1.22364
0.9	0.45	1	1.21089	1.22997
0.9	0.5	1	1.21062	1.23844
0.9	0.55	1	1.21294	1.24909
0.9	0.6	1	1.21913	1.26177
0.9	0.65	1	1.23009	1.27625
0.9	0.7	1	1.24626	1.29219
0.9	0.75	1	1.26761	1.30922
0.9	0.8	1	1.29364	1.32696
0.9	0.85	1	1.32344	1.345
0.9	0.9	2	1.35584	1.36299
0.9	0.95	2	1.38951	1.38058
0.9	1	2	1.42319	1.39749
0.9	1.05	2	1.45576	1.4135
0.9	1.1	2	1.48638	1.42843
0.9	1.15	2	1.51446	1.44218
0.9	1.2	2	1.53971	1.45469
0.9	1.25	2	1.562	1.46594
0.9	1.3	2	1.58139	1.47596
0.9	1.35	2	1.59805	1.48481
0.9	1.4	2	1.61219	1.49255
0.9	1.45	2	1.62408	1.49927
0.9	1.5	2	1.63396	1.50505

0.95	-1	1	1.15494	1.06743
0.95	-0.95	1	1.15626	1.06835
0.95	-0.9	1	1.15852	1.07006
0.95	-0.85	1	1.16165	1.18395
0.95	-0.8	1	1.16551	1.18118
0.95	-0.75	1	1.16992	1.21625
0.95	-0.7	1	1.17461	1.21286
0.95	-0.65	1	1.17927	1.21
0.95	-0.6	1	1.1835	1.20767
0.95	-0.55	1	1.1868	1.18253
0.95	-0.5	1	1.18856	1.1843
0.95	-0.45	1	1.18805	1.18591
0.95	-0.4	1	1.18435	1.1869
0.95	-0.35	1	1.17627	1.18654
0.95	-0.3	1	1.16224	1.18369
0.95	-0.25	1	1.14029	1.17655
0.95	-0.2	1	1.10866	1.16233
0.95	-0.15	1	1.06849	1.13723
0.95	-0.1	1	1.0293	1.09835
0.95	-0.05	1	1.00681	1.05276
0.95	3.19189e-16	1	1.00194	1.02977
0.95	0.05	1	1.00681	1.0531
0.95	0.1	1	1.02932	1.09966
0.95	0.15	1	1.06856	1.14021
0.95	0.2	1	1.10879	1.16779
0.95	0.25	1	1.14044	1.18555
0.95	0.3	1	1.16244	1.19758
0.95	0.35	1	1.17676	1.20688
0.95	0.4	1	1.18584	1.21537
0.95	0.45	1	1.19193	1.22422
0.95	0.5	1	1.19702	1.23408
0.95	0.55	1	1.20286	1.24526
0.95	0.6	1	1.21087	1.25784
0.95	0.65	1	1.22211	1.27175
0.95	0.7	1	1.23724	1.28679
0.95	0.75	1	1.25646	1.3027
0.95	0.8	1	1.27957	1.3192
0.95	0.85	1	1.306	1.33598
0.95	0.9	1	1.3349	1.35274
0.95	0.95	2	1.36526	1.36921
0.95	1	2	1.39606	1.38514
0.95	1.05	2	1.42634	1.40033
0.95	1.1	2	1.45533	1.41464
0.95	1.15	2	1.48243	1.42794
0.95	1.2	2	1.50726	1.44018
0.95	1.25	2	1.52965	1.45133
0.95	1.3	2	1.54952	1.46139
0.95	1.35	2	1.56695	1.47039
0.95	1.4	2	1.58208	1.47839
0.95	1.45	2	1.59508	1.48545
0.95	1.5	2	1.60616	1.49163

1	-1	1	1.15709	0.989899
1	-0.95	1	1.15808	0.997637
1	-0.9	1	1.15979	1.00594
1	-0.85	1	1.16209	1.01483
1	-0.8	1	1.16484	1.13698
1	-0.75	1	1.16779	1.13914
1	-0.7	1	1.17066	1.18018
1	-0.65	1	1.17309	1.18044
1	-0.6	1	1.17461	1.18083
1	-0.55	1	1.17469	1.1812
1	-0.5	1	1.17265	1.18129
1	-0.45	1	1.16768	1.18072
1	-0.4	1	1.15882	1.17887
1	-0.35	1	1.14492	1.17487
1	-0.3	1	1.12481	1.1674
1	-0.25	1	1.09781	1.15455
1	-0.2	1	1.0652	1.13377
1	-0.15	1	1.03248	1.10245
1	-0.1	1	1.00929	1.06086
1	-0.05	1	1.00074	1.01899
1	3.19189e-16	1	1	1
1	0.05	1	1.00074	1.01918
1	0.1	1	1.0093	1.06205
1	0.15	1	1.03256	1.10558
1	0.2	1	1.06545	1.13968
1	0.25	1	1.09834	1.16421
1	0.3	1	1.12578	1.18197
1	0.35	1	1.14665	1.19568
1	0.4	1	1.16198	1.20736
1	0.45	1	1.17346	1.21835
1	0.5	1	1.18284	1.22951
1	0.55	1	1.19177	1.2413
1	0.6	1	1.20165	1.25394
1	0.65	1	1.21356	1.26749
1	0.7	1	1.22825	1.28186
1	0.75	1	1.24609	1.29689
1	0.8	1	1.26707	1.31238
1	0.85	1	1.29088	1.3281
1	0.9	1	1.31693	1.34381
1	0.95	1	1.34446	1.35928
1	1	2	1.37267	1.37433
1	1.05	2	1.40076	1.38876
1	1.1	2	1.42804	1.40245
1	1.15	2	1.45396	1.41529
1	1.2	2	1.47811	1.42721
1	1.25	2	1.50025	1.43818
1	1.3	2	1.52026	1.4482
1	1.35	2	1.53813	1.45726
1	1.4	2	1.55393	1.46542
1	1.45	2	1.56776	1.47271
1	1.5	2	1.57978	1.47918

1.05	-1	1	1.15851	0.994056
1.05	-0.95	1	1.15907	1.00163
1.05	-0.9	1	1.16016	1.00968
1.05	-0.85	1	1.16162	1.01823
1.05	-0.8	1	1.16327	1.02726
1.05	-0.75	1	1.16486	1.14063
1.05	-0.7	1	1.16609	1.18137
1.05	-0.65	1	1.16658	1.18096
1.05	-0.6	1	1.16586	1.18048
1.05	-0.55	1	1.1634	1.17973
1.05	-0.5	1	1.15856	1.17842
1.05	-0.45	1	1.15062	1.17612
1.05	-0.4	1	1.13878	1.17222
1.05	-0.35	1	1.12233	1.16586
1.05	-0.3	1	1.10089	1.1559
1.05	-0.25	1	1.07509	1.14085
1.05	-0.2	1	1.04755	1.1192
1.05	-0.15	1	1.0233	1.09028
1.05	-0.1	1	1.00764	1.05653
1.05	-0.05	1	1.00145	1.02662
1.05	3.19189e-16	1	1.00038	1.01419
1.05	0.05	1	1.00145	1.02694
1.05	0.1	1	1.00766	1.05791
1.05	0.15	1	1.02339	1.09368
1.05	0.2	1	1.04785	1.12554
1.05	0.25	1	1.0758	1.15106
1.05	0.3	1	1.10226	1.17102
1.05	0.35	1	1.12476	1.18706
1.05	0.4	1	1.14293	1.20074
1.05	0.45	1	1.15754	1.21322
1.05	0.5	1	1.16982	1.22535
1.05	0.55	1	1.18106	1.23762
1.05	0.6	1	1.19249	1.25034
1.05	0.65	1	1.20511	1.26362
1.05	0.7	1	1.21966	1.27745
1.05	0.75	1	1.23658	1.29176
1.05	0.8	1	1.256	1.30641
1.05	0.85	1	1.27776	1.32122
1.05	0.9	1	1.30149	1.33602
1.05	0.95	1	1.32662	1.35062
1.05	1	1	1.35254	1.36486
1.05	1.05	2	1.3786	1.37859
1.05	1.1	2	1.40419	1.39168
1.05	1.15	2	1.42882	1.40405
1.05	1.2	2	1.4521	1.41563
1.05	1.25	2	1.47376	1.42638
1.05	1.3	2	1.49363	1.43628
1.05	1.35	2	1.51166	1.44533
1.05	1.4	2	1.52784	1.45356
1.05	1.45	2	1.54225	1.46099
1.05	1.5	2	1.55497	1.46768

1.1	-1	1	1.15935	0.997454
1.1	-0.95	1	1.15946	1.0048
1.1	-0.9	1	1.15991	1.01256
1.1	-0.85	1	1.16056	1.02072
1.1	-0.8	1	1.1612	1.02925
1.1	-0.75	1	1.16159	1.03809
1.1	-0.7	1	1.16142	1.04716
1.1	-0.65	1	1.16033	1.18135
1.1	-0.6	1	1.15789	1.18013
1.1	-0.55	1	1.15361	1.17848
1.1	-0.5	1	1.14696	1.17611
1.1	-0.45	1	1.13738	1.17262
1.1	-0.4	1	1.12437	1.16747
1.1	-0.35	1	1.10765	1.15996
1.1	-0.3	1	1.08743	1.14926
1.1	-0.25	1	1.06489	1.13451
1.1	-0.2	1	1.04248	1.11517
1.1	-0.15	1	1.02362	1.09178
1.1	-0.1	1	1.01104	1.06719
1.1	-0.05	1	1.00492	1.04741
1.1	3.19189e-16	1	1.00329	1.03979
1.1	0.05	1	1.00492	1.04807
1.1	0.1	1	1.01108	1.06908
1.1	0.15	1	1.02376	1.09575
1.1	0.2	1	1.04287	1.12212
1.1	0.25	1	1.06575	1.14536
1.1	0.3	1	1.08908	1.16498
1.1	0.35	1	1.11055	1.18159
1.1	0.4	1	1.12918	1.19609
1.1	0.45	1	1.14509	1.20934
1.1	0.5	1	1.15892	1.22201
1.1	0.55	1	1.17162	1.23455
1.1	0.6	1	1.18413	1.24725
1.1	0.65	1	1.19729	1.26027
1.1	0.7	1	1.21179	1.27364
1.1	0.75	1	1.22805	1.28732
1.1	0.8	1	1.24627	1.30124
1.1	0.85	1	1.2664	1.31526
1.1	0.9	1	1.28822	1.32926
1.1	0.95	1	1.31133	1.34307
1.1	1	1	1.33524	1.35658
1.1	1.05	1	1.35943	1.36965
1.1	1.1	2	1.38341	1.38218
1.1	1.15	2	1.40674	1.39408
1.1	1.2	2	1.42904	1.4053
1.1	1.25	2	1.45005	1.41578
1.1	1.3	2	1.46958	1.42552
1.1	1.35	2	1.48753	1.4345
1.1	1.4	2	1.50387	1.44274
1.1	1.45	2	1.51862	1.45025
1.1	1.5	2	1.53183	1.45706

1.15	-1	1	1.15979	1.00017
1.15	-0.95	1	1.15944	1.00725
1.15	-0.9	1	1.15929	1.01468
1.15	-0.85	1	1.1592	1.02242
1.15	-0.8	1	1.15895	1.03045
1.15	-0.75	1	1.15833	1.03868
1.15	-0.7	1	1.15703	1.04702
1.15	-0.65	1	1.15473	1.05535
1.15	-0.6	1	1.15106	1.18
1.15	-0.55	1	1.14562	1.1777
1.15	-0.5	1	1.13799	1.17462
1.15	-0.45	1	1.12781	1.17043
1.15	-0.4	1	1.11482	1.16471
1.15	-0.35	1	1.09907	1.15696
1.15	-0.3	1	1.08103	1.1467
1.15	-0.25	1	1.0619	1.13354
1.15	-0.2	1	1.04358	1.11757
1.15	-0.15	1	1.02823	1.09977
1.15	-0.1	1	1.01743	1.08252
1.15	-0.05	1	1.01146	1.06964
1.15	3.19189e-16	1	1.00962	1.06507
1.15	0.05	1	1.01148	1.0707
1.15	0.1	1	1.01751	1.08507
1.15	0.15	1	1.02845	1.10451
1.15	0.2	1	1.0441	1.12534
1.15	0.25	1	1.06297	1.14519
1.15	0.3	1	1.08299	1.16312
1.15	0.35	1	1.10239	1.17911
1.15	0.4	1	1.1202	1.19354
1.15	0.45	1	1.13614	1.20693
1.15	0.5	1	1.15052	1.21971
1.15	0.55	1	1.16391	1.23226
1.15	0.6	1	1.177	1.24482
1.15	0.65	1	1.19046	1.25753
1.15	0.7	1	1.20484	1.27045
1.15	0.75	1	1.22056	1.28356
1.15	0.8	1	1.23781	1.29682
1.15	0.85	1	1.25662	1.31014
1.15	0.9	1	1.27685	1.32341
1.15	0.95	1	1.29823	1.33651
1.15	1	1	1.32038	1.34934
1.15	1.05	1	1.3429	1.3618
1.15	1.1	1	1.36536	1.37379
1.15	1.15	2	1.3874	1.38523
1.15	1.2	2	1.40867	1.39608
1.15	1.25	2	1.42893	1.40628
1.15	1.3	2	1.44797	1.41582
1.15	1.35	2	1.46567	1.42468
1.15	1.4	2	1.48198	1.43287
1.15	1.45	2	1.49688	1.4404
1.15	1.5	2	1.51039	1.44729

1.2	-1	1	1.15996	1.00229
1.2	-0.95	1	1.15917	1.00908
1.2	-0.9	1	1.15848	1.01615
1.2	-0.85	1	1.15774	1.02347
1.2	-0.8	1	1.15675	1.03099
1.2	-0.75	1	1.15531	1.03863
1.2	-0.7	1	1.15315	1.04631
1.2	-0.65	1	1.14999	1.05388
1.2	-0.6	1	1.14553	1.06118
1.2	-0.55	1	1.13945	1.17751
1.2	-0.5	1	1.13147	1.17403
1.2	-0.45	1	1.12137	1.16955
1.2	-0.4	1	1.1091	1.16377
1.2	-0.35	1	1.09484	1.15637
1.2	-0.3	1	1.07916	1.14714
1.2	-0.25	1	1.06306	1.13602
1.2	-0.2	1	1.04792	1.12337
1.2	-0.15	1	1.03517	1.11016
1.2	-0.1	1	1.02586	1.09817
1.2	-0.05	1	1.02037	1.08975
1.2	3.19189e-16	1	1.0186	1.08709
1.2	0.05	1	1.02043	1.09121
1.2	0.1	1	1.02602	1.10142
1.2	0.15	1	1.03553	1.11577
1.2	0.2	1	1.04865	1.13205
1.2	0.25	1	1.06441	1.14856
1.2	0.3	1	1.08149	1.16436
1.2	0.35	1	1.09864	1.17912
1.2	0.4	1	1.11504	1.19291
1.2	0.45	1	1.13032	1.20595
1.2	0.5	1	1.14454	1.21851
1.2	0.55	1	1.15805	1.23084
1.2	0.6	1	1.1713	1.24311
1.2	0.65	1	1.18479	1.25544
1.2	0.7	1	1.19896	1.26789
1.2	0.75	1	1.21416	1.28046
1.2	0.8	1	1.23058	1.29311
1.2	0.85	1	1.24827	1.30578
1.2	0.9	1	1.26715	1.31838
1.2	0.95	1	1.28704	1.33084
1.2	1	1	1.30765	1.34304
1.2	1.05	1	1.32865	1.35492
1.2	1.1	1	1.34972	1.36639
1.2	1.15	1	1.37051	1.37739
1.2	1.2	2	1.39075	1.38786
1.2	1.25	2	1.41019	1.39777
1.2	1.3	2	1.42864	1.40708
1.2	1.35	2	1.44597	1.41579
1.2	1.4	2	1.4621	1.42389
1.2	1.45	2	1.47699	1.43139
1.2	1.5	2	1.49064	1.4383

1.25	-1	1	1.15998	1.00387
1.25	-0.95	1	1.1588	1.01035
1.25	-0.9	1	1.15764	1.01707
1.25	-0.85	1	1.15635	1.02396
1.25	-0.8	1	1.15476	1.031
1.25	-0.75	1	1.15269	1.03809
1.25	-0.7	1	1.14991	1.04515
1.25	-0.65	1	1.14619	1.05205
1.25	-0.6	1	1.14128	1.05865
1.25	-0.55	1	1.13497	1.10441
1.25	-0.5	1	1.12706	1.10679
1.25	-0.45	1	1.11747	1.16984
1.25	-0.4	1	1.10623	1.16432
1.25	-0.35	1	1.09361	1.1576
1.25	-0.3	1	1.08014	1.14963
1.25	-0.25	1	1.06662	1.14051
1.25	-0.2	1	1.05404	1.13068
1.25	-0.15	1	1.04339	1.12098
1.25	-0.1	1	1.03546	1.11263
1.25	-0.05	1	1.03064	1.10711
1.25	3.19189e-16	1	1.02907	1.10569
1.25	0.05	1	1.03076	1.10894
1.25	0.1	1	1.03574	1.11655
1.25	0.15	1	1.04395	1.12745
1.25	0.2	1	1.05503	1.14032
1.25	0.25	1	1.06833	1.15399
1.25	0.3	1	1.08293	1.16769
1.25	0.35	1	1.09797	1.18101
1.25	0.4	1	1.1128	1.19385
1.25	0.45	1	1.12707	1.20625
1.25	0.5	1	1.14073	1.21834
1.25	0.55	1	1.15395	1.23026
1.25	0.6	1	1.16704	1.24212
1.25	0.65	1	1.18034	1.25401
1.25	0.7	1	1.19419	1.26597
1.25	0.75	1	1.20885	1.27799
1.25	0.8	1	1.22451	1.29006
1.25	0.85	1	1.24122	1.30212
1.25	0.9	1	1.25893	1.31411
1.25	0.95	1	1.27752	1.32595
1.25	1	1	1.29676	1.33758
1.25	1.05	1	1.31641	1.34891
1.25	1.1	1	1.33618	1.35989
1.25	1.15	1	1.3558	1.37045
1.25	1.2	1	1.37502	1.38055
1.25	1.25	2	1.39362	1.39014
1.25	1.3	2	1.41142	1.39921
1.25	1.35	2	1.42828	1.40774
1.25	1.4	2	1.44412	1.41572
1.25	1.45	2	1.45887	1.42315
1.25	1.5	2	1.47253	1.24031

1.3	-1	1	1.15995	1.00499
1.3	-0.95	1	1.15843	1.01116
1.3	-0.9	1	1.15687	1.01752
1.3	-0.85	1	1.15514	1.02401
1.3	-0.8	1	1.15309	1.03058
1.3	-0.75	1	1.15056	1.03716
1.3	-0.7	1	1.14737	1.04367
1.3	-0.65	1	1.14332	1.04999
1.3	-0.6	1	1.13823	1.05599
1.3	-0.55	1	1.13196	1.06151
1.3	-0.5	1	1.1244	1.1051
1.3	-0.45	1	1.11552	1.10638
1.3	-0.4	1	1.10543	1.10672
1.3	-0.35	1	1.09441	1.16013
1.3	-0.3	1	1.0829	1.15341
1.3	-0.25	1	1.07154	1.14607
1.3	-0.2	1	1.06106	1.13851
1.3	-0.15	1	1.05219	1.1314
1.3	-0.1	1	1.04552	1.12557
1.3	-0.05	1	1.04142	1.12198
1.3	3.19189e-16	1	1.0401	1.12139
1.3	0.05	1	1.04161	1.12415
1.3	0.1	1	1.04595	1.13011
1.3	0.15	1	1.05299	1.13868
1.3	0.2	1	1.0624	1.14906
1.3	0.25	1	1.07369	1.16047
1.3	0.3	1	1.08623	1.17231
1.3	0.35	1	1.09939	1.18421
1.3	0.4	1	1.1127	1.19598
1.3	0.45	1	1.12584	1.20759
1.3	0.5	1	1.13872	1.21906
1.3	0.55	1	1.15142	1.23045
1.3	0.6	1	1.16412	1.24181
1.3	0.65	1	1.17706	1.2532
1.3	0.7	1	1.19049	1.26464
1.3	0.75	1	1.2046	1.27612
1.3	0.8	1	1.21953	1.28762
1.3	0.85	1	1.23535	1.2991
1.3	0.9	1	1.25202	1.31051
1.3	0.95	1	1.26945	1.32178
1.3	1	1	1.28748	1.33286
1.3	1.05	1	1.3059	1.34368
1.3	1.1	1	1.32449	1.35418
1.3	1.15	1	1.34301	1.36432
1.3	1.2	1	1.36125	1.37404
1.3	1.25	1	1.37901	1.38333
1.3	1.3	2	1.39612	1.39214
1.3	1.35	2	1.41245	1.40047
1.3	1.4	2	1.42791	1.22607
1.3	1.45	2	1.44243	1.22973
1.3	1.5	2	1.45599	1.23301

1.35	-1	1	1.15995	1.0057
1.35	-0.95	1	1.15814	1.01157
1.35	-0.9	1	1.15626	1.01757
1.35	-0.85	1	1.15419	1.02367
1.35	-0.8	1	1.1518	1.02981
1.35	-0.75	1	1.14896	1.03593
1.35	-0.7	1	1.14551	1.04194
1.35	-0.65	1	1.14132	1.04775
1.35	-0.6	1	1.13625	1.05325
1.35	-0.55	1	1.1302	1.0583
1.35	-0.5	1	1.12312	1.06278
1.35	-0.45	1	1.11505	1.10496
1.35	-0.4	1	1.1061	1.10542
1.35	-0.35	1	1.09654	1.10508
1.35	-0.3	1	1.08674	1.10396
1.35	-0.25	1	1.0772	1.15211
1.35	-0.2	1	1.06847	1.14633
1.35	-0.15	1	1.06109	1.14112
1.35	-0.1	1	1.05553	1.13708
1.35	-0.05	1	1.05212	1.13481
1.35	3.19189e-16	1	1.05105	1.13479
1.35	0.05	1	1.05241	1.13727
1.35	0.1	1	1.05616	1.14216
1.35	0.15	1	1.06218	1.14915
1.35	0.2	1	1.07021	1.15772
1.35	0.25	1	1.07986	1.16736
1.35	0.3	1	1.09068	1.17765
1.35	0.35	1	1.10223	1.18825
1.35	0.4	1	1.11414	1.19898
1.35	0.45	1	1.12616	1.20975
1.35	0.5	1	1.13819	1.22052
1.35	0.55	1	1.15023	1.2313
1.35	0.6	1	1.16241	1.24211
1.35	0.65	1	1.17487	1.25296
1.35	0.7	1	1.18779	1.26386
1.35	0.75	1	1.20132	1.2748
1.35	0.8	1	1.21556	1.28574
1.35	0.85	1	1.23055	1.29667
1.35	0.9	1	1.24628	1.30752
1.35	0.95	1	1.26268	1.31825
1.35	1	1	1.27961	1.32881
1.35	1.05	1	1.29692	1.33913
1.35	1.1	1	1.31442	1.34918
1.35	1.15	1	1.33191	1.35891
1.35	1.2	1	1.34921	1.36827
1.35	1.25	1	1.36614	1.37724
1.35	1.3	1	1.38255	1.21148
1.35	1.35	2	1.39832	1.21567
1.35	1.4	2	1.41334	1.21956
1.35	1.45	2	1.42756	1.22311
1.35	1.5	2	1.44093	1.40907

1.4	-1	1	1.16003	1.00607
1.4	-0.95	1	1.15799	1.01164
1.4	-0.9	1	1.15585	1.0173
1.4	-0.85	1	1.15353	1.02303
1.4	-0.8	1	1.1509	1.02877
1.4	-0.75	1	1.14787	1.03446
1.4	-0.7	1	1.1443	1.04003
1.4	-0.65	1	1.1401	1.04539
1.4	-0.6	1	1.13517	1.05046
1.4	-0.55	1	1.12945	1.05512
1.4	-0.5	1	1.12293	1.05928
1.4	-0.45	1	1.11567	1.06283
1.4	-0.4	1	1.1078	1.1045
1.4	-0.35	1	1.09954	1.10451
1.4	-0.3	1	1.09121	1.10395
1.4	-0.25	1	1.08319	1.10293
1.4	-0.2	1	1.07592	1.10163
1.4	-0.15	1	1.0698	1.1003
1.4	-0.1	1	1.0652	1.14734
1.4	-0.05	1	1.0624	1.14599
1.4	3.19189e-16	1	1.06158	1.14639
1.4	0.05	1	1.0628	1.1487
1.4	0.1	1	1.06606	1.1529
1.4	0.15	1	1.07123	1.15878
1.4	0.2	1	1.07811	1.16604
1.4	0.25	1	1.08642	1.17433
1.4	0.3	1	1.09583	1.18333
1.4	0.35	1	1.10601	1.19281
1.4	0.4	1	1.11668	1.20256
1.4	0.45	1	1.12764	1.2125
1.4	0.5	1	1.1388	1.22256
1.4	0.55	1	1.15014	1.2327
1.4	0.6	1	1.16172	1.24292
1.4	0.65	1	1.17364	1.25322
1.4	0.7	1	1.18601	1.26357
1.4	0.75	1	1.19893	1.27396
1.4	0.8	1	1.21249	1.28437
1.4	0.85	1	1.22671	1.29475
1.4	0.9	1	1.24158	1.30508
1.4	0.95	1	1.25704	1.31529
1.4	1	1	1.27298	1.32535
1.4	1.05	1	1.28928	1.33521
1.4	1.1	1	1.30577	1.34482
1.4	1.15	1	1.3223	1.19255
1.4	1.2	1	1.33871	1.19719
1.4	1.25	1	1.35484	1.20165
1.4	1.3	1	1.37055	1.2059
1.4	1.35	1	1.38573	1.2099
1.4	1.4	2	1.40029	1.21363
1.4	1.45	2	1.41415	1.39727
1.4	1.5	2	1.42726	1.4027

1.45	-1	1	1.16023	1.00614
1.45	-0.95	1	1.15801	1.01141
1.45	-0.9	1	1.15569	1.01676
1.45	-0.85	1	1.15318	1.02214
1.45	-0.8	1	1.15041	1.02751
1.45	-0.75	1	1.14727	1.03281
1.45	-0.7	1	1.14369	1.03798
1.45	-0.65	1	1.13957	1.04296
1.45	-0.6	1	1.13486	1.04765
1.45	-0.55	1	1.12953	1.05198
1.45	-0.5	1	1.12359	1.05586
1.45	-0.45	1	1.1171	1.05923
1.45	-0.4	1	1.11021	1.06202
1.45	-0.35	1	1.10309	1.10414
1.45	-0.3	1	1.096	1.10404
1.45	-0.25	1	1.08926	1.10361
1.45	-0.2	1	1.0832	1.103
1.45	-0.15	1	1.07814	1.1024
1.45	-0.1	1	1.07436	1.10202
1.45	-0.05	1	1.0721	1.10207
1.45	3.19189e-16	1	1.07149	1.10271
1.45	0.05	1	1.07262	1.10402
1.45	0.1	1	1.07547	1.16252
1.45	0.15	1	1.07994	1.16762
1.45	0.2	1	1.0859	1.17391
1.45	0.25	1	1.09312	1.18115
1.45	0.3	1	1.10136	1.18912
1.45	0.35	1	1.11038	1.19763
1.45	0.4	1	1.11997	1.20651
1.45	0.45	1	1.12997	1.21567
1.45	0.5	1	1.14031	1.22503
1.45	0.55	1	1.15094	1.23454
1.45	0.6	1	1.16189	1.24417
1.45	0.65	1	1.17323	1.2539
1.45	0.7	1	1.18503	1.26371
1.45	0.75	1	1.19735	1.27357
1.45	0.8	1	1.21024	1.28344
1.45	0.85	1	1.22373	1.29331
1.45	0.9	1	1.23779	1.30312
1.45	0.95	1	1.25239	1.17
1.45	1	1	1.26742	1.17459
1.45	1.05	1	1.28279	1.17919
1.45	1.1	1	1.29837	1.18375
1.45	1.15	1	1.314	1.18823
1.45	1.2	1	1.32957	1.1926
1.45	1.25	1	1.34493	1.1968
1.45	1.3	1	1.35995	1.20083
1.45	1.35	1	1.37454	1.20464
1.45	1.4	1	1.3886	1.38581
1.45	1.45	2	1.40207	1.39154
1.45	1.5	2	1.41489	1.39688

1.5	-1	1	1.16058	1.00595
1.5	-0.95	1	1.15822	1.01095
1.5	-0.9	1	1.15577	1.01599
1.5	-0.85	1	1.15315	1.02104
1.5	-0.8	1	1.1503	1.02607
1.5	-0.75	1	1.14714	1.03102
1.5	-0.7	1	1.1436	1.03584
1.5	-0.65	1	1.13962	1.04046
1.5	-0.6	1	1.13518	1.04482
1.5	-0.55	1	1.13026	1.04886
1.5	-0.5	1	1.12488	1.05252
1.5	-0.45	1	1.11912	1.05572
1.5	-0.4	1	1.11309	1.05844
1.5	-0.35	1	1.10696	1.06064
1.5	-0.3	1	1.10094	1.10415
1.5	-0.25	1	1.09527	1.10417
1.5	-0.2	1	1.09022	1.10407
1.5	-0.15	1	1.08603	1.10398
1.5	-0.1	1	1.08295	1.10406
1.5	-0.05	1	1.08114	1.10445
1.5	3.19189e-16	1	1.08074	1.10526
1.5	0.05	1	1.0818	1.10656
1.5	0.1	1	1.08432	1.10835
1.5	0.15	1	1.08824	1.11059
1.5	0.2	1	1.09345	1.11321
1.5	0.25	1	1.09978	1.11611
1.5	0.3	1	1.10706	1.1192
1.5	0.35	1	1.11511	1.12242
1.5	0.4	1	1.12377	1.12571
1.5	0.45	1	1.13292	1.12906
1.5	0.5	1	1.14249	1.13245
1.5	0.55	1	1.15244	1.13591
1.5	0.6	1	1.16277	1.13944
1.5	0.65	1	1.17352	1.14308
1.5	0.7	1	1.18474	1.14683
1.5	0.75	1	1.19645	1.1507
1.5	0.8	1	1.20871	1.15469
1.5	0.85	1	1.2215	1.15879
1.5	0.9	1	1.23482	1.16298
1.5	0.95	1	1.24861	1.16724
1.5	1	1	1.26282	1.17154
1.5	1.05	1	1.27733	1.17584
1.5	1.1	1	1.29205	1.18011
1.5	1.15	1	1.30686	1.18432
1.5	1.2	1	1.32163	1.18842
1.5	1.25	1	1.33625	1.1924
1.5	1.3	1	1.35061	1.19621
1.5	1.35	1	1.36461	1.37479
1.5	1.4	1	1.37817	1.38073
1.5	1.45	1	1.39122	1.38632
1.5	1.5	2	1.4037	1.39157

