-2	-2	5
-2	-1.9	4.9025
-2	-1.8	4.81
-2	-1.7	4.7225
-2	-1.6	4.64
-2	-1.5	4.5625
-2	-1.4	4.49
-2	-1.3	4.4225
-2	-1.2	4.36
-2	-1.1	4.3025
-2	-1	4.25
-2	-0.9	4.2025
-2	-0.8	4.16
-2	-0.7	4.1225
-2	-0.6	4.09
-2	-0.5	4.0625
-2	-0.4	4.04
-2	-0.3	4.0225
-2	-0.2	4.01
-2	-0.1	4.0025
-2	6.38378e-16	4
-2	0.1	4.0025
-2	0.2	4.01
-2	0.3	4.0225
-2	0.4	4.04
-2	0.5	4.0625
-2	0.6	4.09
-2	0.7	4.1225
-2	0.8	4.16
-2	0.9	4.2025
-2	1	4.25
-2	1.1	4.3025
-2	1.2	4.36
-2	1.3	4.4225
-2	1.4	4.49
-2	1.5	4.5625
-2	1.6	4.64
-2	1.7	4.7225
-2	1.8	4.81
-2	1.9	4.9025
-2	2	5

-1.9	-2	4.61
-1.9	-1.9	4.5125
-1.9	-1.8	4.42
-1.9	-1.7	4.3325
-1.9	-1.6	4.25
-1.9	-1.5	4.1725
-1.9	-1.4	4.1
-1.9	-1.3	4.0325
-1.9	-1.2	3.97
-1.9	-1.1	3.9125
-1.9	-1	3.86
-1.9	-0.9	3.8125
-1.9	-0.8	3.77
-1.9	-0.7	3.7325
-1.9	-0.6	3.7
-1.9	-0.5	3.6725
-1.9	-0.4	3.65
-1.9	-0.3	3.6325
-1.9	-0.2	3.62
-1.9	-0.1	3.6125
-1.9	6.38378e-16	3.61
-1.9	0.1	3.6125
-1.9	0.2	3.62
-1.9	0.3	3.6325
-1.9	0.4	3.65
-1.9	0.5	3.6725
-1.9	0.6	3.7
-1.9	0.7	3.7325
-1.9	0.8	3.77
-1.9	0.9	3.8125
-1.9	1	3.86
-1.9	1.1	3.9125
-1.9	1.2	3.97
-1.9	1.3	4.0325
-1.9	1.4	4.1
-1.9	1.5	4.1725
-1.9	1.6	4.25
-1.9	1.7	4.3325
-1.9	1.8	4.42
-1.9	1.9	4.5125
-1.9	2	4.61

-1.8	-2	4.24
-1.8	-1.9	4.1425
-1.8	-1.8	4.05
-1.8	-1.7	3.9625
-1.8	-1.6	3.88
-1.8	-1.5	3.8025
-1.8	-1.4	3.73
-1.8	-1.3	3.6625
-1.8	-1.2	3.6
-1.8	-1.1	3.5425
-1.8	-1	3.49
-1.8	-0.9	3.4425
-1.8	-0.8	3.4
-1.8	-0.7	3.3625
-1.8	-0.6	3.33
-1.8	-0.5	3.3025
-1.8	-0.4	3.28
-1.8	-0.3	3.2625
-1.8	-0.2	3.25
-1.8	-0.1	3.2425
-1.8	6.38378e-16	3.24
-1.8	0.1	3.2425
-1.8	0.2	3.25
-1.8	0.3	3.2625
-1.8	0.4	3.28
-1.8	0.5	3.3025
-1.8	0.6	3.33
-1.8	0.7	3.3625
-1.8	0.8	3.4
-1.8	0.9	3.4425
-1.8	1	3.49
-1.8	1.1	3.5425
-1.8	1.2	3.6
-1.8	1.3	3.6625
-1.8	1.4	3.73
-1.8	1.5	3.8025
-1.8	1.6	3.88
-1.8	1.7	3.9625
-1.8	1.8	4.05
-1.8	1.9	4.1425
-1.8	2	4.24

-1.7	-2	3.89
-1.7	-1.9	3.7925
-1.7	-1.8	3.7
-1.7	-1.7	3.6125
-1.7	-1.6	3.53
-1.7	-1.5	3.4525
-1.7	-1.4	3.38
-1.7	-1.3	3.3125
-1.7	-1.2	3.25
-1.7	-1.1	3.1925
-1.7	-1	3.14
-1.7	-0.9	3.0925
-1.7	-0.8	3.05
-1.7	-0.7	3.0125
-1.7	-0.6	2.98
-1.7	-0.5	2.9525
-1.7	-0.4	2.93
-1.7	-0.3	2.9125
-1.7	-0.2	2.9
-1.7	-0.1	2.8925
-1.7	6.38378e-16	2.89
-1.7	0.1	2.8925
-1.7	0.2	2.9
-1.7	0.3	2.9125
-1.7	0.4	2.93
-1.7	0.5	2.9525
-1.7	0.6	2.98
-1.7	0.7	3.0125
-1.7	0.8	3.05
-1.7	0.9	3.0925
-1.7	1	3.14
-1.7	1.1	3.1925
-1.7	1.2	3.25
-1.7	1.3	3.3125
-1.7	1.4	3.38
-1.7	1.5	3.4525
-1.7	1.6	3.53
-1.7	1.7	3.6125
-1.7	1.8	3.7
-1.7	1.9	3.7925
-1.7	2	3.89

-1.6	-2	3.56
-1.6	-1.9	3.4625
-1.6	-1.8	3.37
-1.6	-1.7	3.2825
-1.6	-1.6	3.2
-1.6	-1.5	3.1225
-1.6	-1.4	3.05
-1.6	-1.3	2.9825
-1.6	-1.2	2.92
-1.6	-1.1	2.8625
-1.6	-1	2.81
-1.6	-0.9	2.7625
-1.6	-0.8	2.72
-1.6	-0.7	2.6825
-1.6	-0.6	2.65
-1.6	-0.5	2.6225
-1.6	-0.4	2.6
-1.6	-0.3	2.5825
-1.6	-0.2	2.57
-1.6	-0.1	2.5625
-1.6	6.38378e-16	2.56
-1.6	0.1	2.5625
-1.6	0.2	2.57
-1.6	0.3	2.5825
-1.6	0.4	2.6
-1.6	0.5	2.6225
-1.6	0.6	2.65
-1.6	0.7	2.6825
-1.6	0.8	2.72
-1.6	0.9	2.7625
-1.6	1	2.81
-1.6	1.1	2.8625
-1.6	1.2	2.92
-1.6	1.3	2.9825
-1.6	1.4	3.05
-1.6	1.5	3.1225
-1.6	1.6	3.2
-1.6	1.7	3.2825
-1.6	1.8	3.37
-1.6	1.9	3.4625
-1.6	2	3.56

-1.5	-2	3.25
-1.5	-1.9	3.1525
-1.5	-1.8	3.06
-1.5	-1.7	2.9725
-1.5	-1.6	2.89
-1.5	-1.5	2.8125
-1.5	-1.4	2.74
-1.5	-1.3	2.6725
-1.5	-1.2	2.61
-1.5	-1.1	2.5525
-1.5	-1	2.5
-1.5	-0.9	2.4525
-1.5	-0.8	2.41
-1.5	-0.7	2.3725
-1.5	-0.6	2.34
-1.5	-0.5	2.3125
-1.5	-0.4	2.29
-1.5	-0.3	2.2725
-1.5	-0.2	2.26
-1.5	-0.1	2.2525
-1.5	6.38378e-16	2.25
-1.5	0.1	2.2525
-1.5	0.2	2.26
-1.5	0.3	2.2725
-1.5	0.4	2.29
-1.5	0.5	2.3125
-1.5	0.6	2.34
-1.5	0.7	2.3725
-1.5	0.8	2.41
-1.5	0.9	2.4525
-1.5	1	2.5
-1.5	1.1	2.5525
-1.5	1.2	2.61
-1.5	1.3	2.6725
-1.5	1.4	2.74
-1.5	1.5	2.8125
-1.5	1.6	2.89
-1.5	1.7	2.9725
-1.5	1.8	3.06
-1.5	1.9	3.1525
-1.5	2	3.25

-1.4	-2	2.96
-1.4	-1.9	2.8625
-1.4	-1.8	2.77
-1.4	-1.7	2.6825
-1.4	-1.6	2.6
-1.4	-1.5	2.5225
-1.4	-1.4	2.45
-1.4	-1.3	2.3825
-1.4	-1.2	2.32
-1.4	-1.1	2.2625
-1.4	-1	2.21
-1.4	-0.9	2.1625
-1.4	-0.8	2.12
-1.4	-0.7	2.0825
-1.4	-0.6	2.05
-1.4	-0.5	2.0225
-1.4	-0.4	2
-1.4	-0.3	1.9825
-1.4	-0.2	1.97
-1.4	-0.1	1.9625
-1.4	6.38378e-16	1.96
-1.4	0.1	1.9625
-1.4	0.2	1.97
-1.4	0.3	1.9825
-1.4	0.4	2
-1.4	0.5	2.0225
-1.4	0.6	2.05
-1.4	0.7	2.0825
-1.4	0.8	2.12
-1.4	0.9	2.1625
-1.4	1	2.21
-1.4	1.1	2.2625
-1.4	1.2	2.32
-1.4	1.3	2.3825
-1.4	1.4	2.45
-1.4	1.5	2.5225
-1.4	1.6	2.6
-1.4	1.7	2.6825
-1.4	1.8	2.77
-1.4	1.9	2.8625
-1.4	2	2.96

-1.3	-2	2.69
-1.3	-1.9	2.5925
-1.3	-1.8	2.5
-1.3	-1.7	2.4125
-1.3	-1.6	2.33
-1.3	-1.5	2.2525
-1.3	-1.4	2.18
-1.3	-1.3	2.1125
-1.3	-1.2	2.05
-1.3	-1.1	1.9925
-1.3	-1	1.94
-1.3	-0.9	1.8925
-1.3	-0.8	1.85
-1.3	-0.7	1.8125
-1.3	-0.6	1.78
-1.3	-0.5	1.7525
-1.3	-0.4	1.73
-1.3	-0.3	1.7125
-1.3	-0.2	1.7
-1.3	-0.1	1.6925
-1.3	6.38378e-16	1.69
-1.3	0.1	1.6925
-1.3	0.2	1.7
-1.3	0.3	1.7125
-1.3	0.4	1.73
-1.3	0.5	1.7525
-1.3	0.6	1.78
-1.3	0.7	1.8125
-1.3	0.8	1.85
-1.3	0.9	1.8925
-1.3	1	1.94
-1.3	1.1	1.9925
-1.3	1.2	2.05
-1.3	1.3	2.1125
-1.3	1.4	2.18
-1.3	1.5	2.2525
-1.3	1.6	2.33
-1.3	1.7	2.4125
-1.3	1.8	2.5
-1.3	1.9	2.5925
-1.3	2	2.69

-1.2	-2	2.44
-1.2	-1.9	2.3425
-1.2	-1.8	2.25
-1.2	-1.7	2.1625
-1.2	-1.6	2.08
-1.2	-1.5	2.0025
-1.2	-1.4	1.93
-1.2	-1.3	1.8625
-1.2	-1.2	1.8
-1.2	-1.1	1.7425
-1.2	-1	1.69
-1.2	-0.9	1.6425
-1.2	-0.8	1.6
-1.2	-0.7	1.5625
-1.2	-0.6	1.53
-1.2	-0.5	1.5025
-1.2	-0.4	1.48
-1.2	-0.3	1.4625
-1.2	-0.2	1.45
-1.2	-0.1	1.4425
-1.2	6.38378e-16	1.44
-1.2	0.1	1.4425
-1.2	0.2	1.45
-1.2	0.3	1.4625
-1.2	0.4	1.48
-1.2	0.5	1.5025
-1.2	0.6	1.53
-1.2	0.7	1.5625
-1.2	0.8	1.6
-1.2	0.9	1.6425
-1.2	1	1.69
-1.2	1.1	1.7425
-1.2	1.2	1.8
-1.2	1.3	1.8625
-1.2	1.4	1.93
-1.2	1.5	2.0025
-1.2	1.6	2.08
-1.2	1.7	2.1625
-1.2	1.8	2.25
-1.2	1.9	2.3425
-1.2	2	2.44

-1.1	-2	2.21
-1.1	-1.9	2.1125
-1.1	-1.8	2.02
-1.1	-1.7	1.9325
-1.1	-1.6	1.85
-1.1	-1.5	1.7725
-1.1	-1.4	1.7
-1.1	-1.3	1.6325
-1.1	-1.2	1.57
-1.1	-1.1	1.5125
-1.1	-1	1.46
-1.1	-0.9	1.4125
-1.1	-0.8	1.37
-1.1	-0.7	1.3325
-1.1	-0.6	1.3
-1.1	-0.5	1.2725
-1.1	-0.4	1.25
-1.1	-0.3	1.2325
-1.1	-0.2	1.22
-1.1	-0.1	1.2125
-1.1	6.38378e-16	1.21
-1.1	0.1	1.2125
-1.1	0.2	1.22
-1.1	0.3	1.2325
-1.1	0.4	1.25
-1.1	0.5	1.2725
-1.1	0.6	1.3
-1.1	0.7	1.3325
-1.1	0.8	1.37
-1.1	0.9	1.4125
-1.1	1	1.46
-1.1	1.1	1.5125
-1.1	1.2	1.57
-1.1	1.3	1.6325
-1.1	1.4	1.7
-1.1	1.5	1.7725
-1.1	1.6	1.85
-1.1	1.7	1.9325
-1.1	1.8	2.02
-1.1	1.9	2.1125
-1.1	2	2.21

-1	-2	2
-1	-1.9	1.9025
-1	-1.8	1.81
-1	-1.7	1.7225
-1	-1.6	1.64
-1	-1.5	1.5625
-1	-1.4	1.49
-1	-1.3	1.4225
-1	-1.2	1.36
-1	-1.1	1.3025
-1	-1	1.25
-1	-0.9	1.2025
-1	-0.8	1.16
-1	-0.7	1.1225
-1	-0.6	1.09
-1	-0.5	1.0625
-1	-0.4	1.04
-1	-0.3	1.0225
-1	-0.2	1.01
-1	-0.1	1.0025
-1	6.38378e-16	1
-1	0.1	1.0025
-1	0.2	1.01
-1	0.3	1.0225
-1	0.4	1.04
-1	0.5	1.0625
-1	0.6	1.09
-1	0.7	1.1225
-1	0.8	1.16
-1	0.9	1.2025
-1	1	1.25
-1	1.1	1.3025
-1	1.2	1.36
-1	1.3	1.4225
-1	1.4	1.49
-1	1.5	1.5625
-1	1.6	1.64
-1	1.7	1.7225
-1	1.8	1.81
-1	1.9	1.9025
-1	2	2

-0.9	-2	1.81
-0.9	-1.9	1.7125
-0.9	-1.8	1.62
-0.9	-1.7	1.5325
-0.9	-1.6	1.45
-0.9	-1.5	1.3725
-0.9	-1.4	1.3
-0.9	-1.3	1.2325
-0.9	-1.2	1.17
-0.9	-1.1	1.1125
-0.9	-1	1.06
-0.9	-0.9	1.0125
-0.9	-0.8	0.97
-0.9	-0.7	0.9325
-0.9	-0.6	0.9
-0.9	-0.5	0.8725
-0.9	-0.4	0.85
-0.9	-0.3	0.8325
-0.9	-0.2	0.82
-0.9	-0.1	0.8125
-0.9	6.38378e-16	0.81
-0.9	0.1	0.8125
-0.9	0.2	0.82
-0.9	0.3	0.8325
-0.9	0.4	0.85
-0.9	0.5	0.8725
-0.9	0.6	0.9
-0.9	0.7	0.9325
-0.9	0.8	0.97
-0.9	0.9	1.0125
-0.9	1	1.06
-0.9	1.1	1.1125
-0.9	1.2	1.17
-0.9	1.3	1.2325
-0.9	1.4	1.3
-0.9	1.5	1.3725
-0.9	1.6	1.45
-0.9	1.7	1.5325
-0.9	1.8	1.62
-0.9	1.9	1.7125
-0.9	2	1.81

-0.8	-2	1.64
-0.8	-1.9	1.5425
-0.8	-1.8	1.45
-0.8	-1.7	1.3625
-0.8	-1.6	1.28
-0.8	-1.5	1.2025
-0.8	-1.4	1.13
-0.8	-1.3	1.0625
-0.8	-1.2	1
-0.8	-1.1	0.9425
-0.8	-1	0.89
-0.8	-0.9	0.8425
-0.8	-0.8	0.8
-0.8	-0.7	0.7625
-0.8	-0.6	0.73
-0.8	-0.5	0.7025
-0.8	-0.4	0.68
-0.8	-0.3	0.6625
-0.8	-0.2	0.65
-0.8	-0.1	0.6425
-0.8	6.38378e-16	0.64
-0.8	0.1	0.6425
-0.8	0.2	0.65
-0.8	0.3	0.6625
-0.8	0.4	0.68
-0.8	0.5	0.7025
-0.8	0.6	0.73
-0.8	0.7	0.7625
-0.8	0.8	0.8
-0.8	0.9	0.8425
-0.8	1	0.89
-0.8	1.1	0.9425
-0.8	1.2	1
-0.8	1.3	1.0625
-0.8	1.4	1.13
-0.8	1.5	1.2025
-0.8	1.6	1.28
-0.8	1.7	1.3625
-0.8	1.8	1.45
-0.8	1.9	1.5425
-0.8	2	1.64

-0.7	-2	1.49
-0.7	-1.9	1.3925
-0.7	-1.8	1.3
-0.7	-1.7	1.2125
-0.7	-1.6	1.13
-0.7	-1.5	1.0525
-0.7	-1.4	0.98
-0.7	-1.3	0.9125
-0.7	-1.2	0.85
-0.7	-1.1	0.7925
-0.7	-1	0.74
-0.7	-0.9	0.6925
-0.7	-0.8	0.65
-0.7	-0.7	0.6125
-0.7	-0.6	0.58
-0.7	-0.5	0.5525
-0.7	-0.4	0.53
-0.7	-0.3	0.5125
-0.7	-0.2	0.5
-0.7	-0.1	0.4925
-0.7	6.38378e-16	0.49
-0.7	0.1	0.4925
-0.7	0.2	0.5
-0.7	0.3	0.5125
-0.7	0.4	0.53
-0.7	0.5	0.5525
-0.7	0.6	0.58
-0.7	0.7	0.6125
-0.7	0.8	0.65
-0.7	0.9	0.6925
-0.7	1	0.74
-0.7	1.1	0.7925
-0.7	1.2	0.85
-0.7	1.3	0.9125
-0.7	1.4	0.98
-0.7	1.5	1.0525
-0.7	1.6	1.13
-0.7	1.7	1.2125
-0.7	1.8	1.3
-0.7	1.9	1.3925
-0.7	2	1.49

-0.6	-2	1.36
-0.6	-1.9	1.2625
-0.6	-1.8	1.17
-0.6	-1.7	1.0825
-0.6	-1.6	1
-0.6	-1.5	0.9225
-0.6	-1.4	0.85
-0.6	-1.3	0.7825
-0.6	-1.2	0.72
-0.6	-1.1	0.6625
-0.6	-1	0.61
-0.6	-0.9	0.5625
-0.6	-0.8	0.52
-0.6	-0.7	0.4825
-0.6	-0.6	0.45
-0.6	-0.5	0.4225
-0.6	-0.4	0.4
-0.6	-0.3	0.3825
-0.6	-0.2	0.37
-0.6	-0.1	0.3625
-0.6	6.38378e-16	0.36
-0.6	0.1	0.3625
-0.6	0.2	0.37
-0.6	0.3	0.3825
-0.6	0.4	0.4
-0.6	0.5	0.4225
-0.6	0.6	0.45
-0.6	0.7	0.4825
-0.6	0.8	0.52
-0.6	0.9	0.5625
-0.6	1	0.61
-0.6	1.1	0.6625
-0.6	1.2	0.72
-0.6	1.3	0.7825
-0.6	1.4	0.85
-0.6	1.5	0.9225
-0.6	1.6	1
-0.6	1.7	1.0825
-0.6	1.8	1.17
-0.6	1.9	1.2625
-0.6	2	1.36

-0.5	-2	1.25
-0.5	-1.9	1.1525
-0.5	-1.8	1.06
-0.5	-1.7	0.9725
-0.5	-1.6	0.89
-0.5	-1.5	0.8125
-0.5	-1.4	0.74
-0.5	-1.3	0.6725
-0.5	-1.2	0.61
-0.5	-1.1	0.5525
-0.5	-1	0.5
-0.5	-0.9	0.4525
-0.5	-0.8	0.41
-0.5	-0.7	0.3725
-0.5	-0.6	0.34
-0.5	-0.5	0.3125
-0.5	-0.4	0.29
-0.5	-0.3	0.2725
-0.5	-0.2	0.26
-0.5	-0.1	0.2525
-0.5	6.38378e-16	0.25
-0.5	0.1	0.2525
-0.5	0.2	0.26
-0.5	0.3	0.2725
-0.5	0.4	0.29
-0.5	0.5	0.3125
-0.5	0.6	0.34
-0.5	0.7	0.3725
-0.5	0.8	0.41
-0.5	0.9	0.4525
-0.5	1	0.5
-0.5	1.1	0.5525
-0.5	1.2	0.61
-0.5	1.3	0.6725
-0.5	1.4	0.74
-0.5	1.5	0.8125
-0.5	1.6	0.89
-0.5	1.7	0.9725
-0.5	1.8	1.06
-0.5	1.9	1.1525
-0.5	2	1.25

-0.4	-2	1.16
-0.4	-1.9	1.0625
-0.4	-1.8	0.97
-0.4	-1.7	0.8825
-0.4	-1.6	0.8
-0.4	-1.5	0.7225
-0.4	-1.4	0.65
-0.4	-1.3	0.5825
-0.4	-1.2	0.52
-0.4	-1.1	0.4625
-0.4	-1	0.41
-0.4	-0.9	0.3625
-0.4	-0.8	0.32
-0.4	-0.7	0.2825
-0.4	-0.6	0.25
-0.4	-0.5	0.2225
-0.4	-0.4	0.2
-0.4	-0.3	0.1825
-0.4	-0.2	0.17
-0.4	-0.1	0.1625
-0.4	6.38378e-16	0.16
-0.4	0.1	0.1625
-0.4	0.2	0.17
-0.4	0.3	0.1825
-0.4	0.4	0.2
-0.4	0.5	0.2225
-0.4	0.6	0.25
-0.4	0.7	0.2825
-0.4	0.8	0.32
-0.4	0.9	0.3625
-0.4	1	0.41
-0.4	1.1	0.4625
-0.4	1.2	0.52
-0.4	1.3	0.5825
-0.4	1.4	0.65
-0.4	1.5	0.7225
-0.4	1.6	0.8
-0.4	1.7	0.8825
-0.4	1.8	0.97
-0.4	1.9	1.0625
-0.4	2	1.16

-0.3	-2	1.09
-0.3	-1.9	0.9925
-0.3	-1.8	0.9
-0.3	-1.7	0.8125
-0.3	-1.6	0.73
-0.3	-1.5	0.6525
-0.3	-1.4	0.58
-0.3	-1.3	0.5125
-0.3	-1.2	0.45
-0.3	-1.1	0.3925
-0.3	-1	0.34
-0.3	-0.9	0.2925
-0.3	-0.8	0.25
-0.3	-0.7	0.2125
-0.3	-0.6	0.18
-0.3	-0.5	0.1525
-0.3	-0.4	0.13
-0.3	-0.3	0.1125
-0.3	-0.2	0.1
-0.3	-0.1	0.0925
-0.3	6.38378e-16	0.09
-0.3	0.1	0.0925
-0.3	0.2	0.1
-0.3	0.3	0.1125
-0.3	0.4	0.13
-0.3	0.5	0.1525
-0.3	0.6	0.18
-0.3	0.7	0.2125
-0.3	0.8	0.25
-0.3	0.9	0.2925
-0.3	1	0.34
-0.3	1.1	0.3925
-0.3	1.2	0.45
-0.3	1.3	0.5125
-0.3	1.4	0.58
-0.3	1.5	0.6525
-0.3	1.6	0.73
-0.3	1.7	0.8125
-0.3	1.8	0.9
-0.3	1.9	0.9925
-0.3	2	1.09

-0.2	-2	1.04
-0.2	-1.9	0.9425
-0.2	-1.8	0.85
-0.2	-1.7	0.7625
-0.2	-1.6	0.68
-0.2	-1.5	0.6025
-0.2	-1.4	0.53
-0.2	-1.3	0.4625
-0.2	-1.2	0.4
-0.2	-1.1	0.3425
-0.2	-1	0.29
-0.2	-0.9	0.2425
-0.2	-0.8	0.2
-0.2	-0.7	0.1625
-0.2	-0.6	0.13
-0.2	-0.5	0.1025
-0.2	-0.4	0.08
-0.2	-0.3	0.0625
-0.2	-0.2	0.05
-0.2	-0.1	0.0425
-0.2	6.38378e-16	0.04
-0.2	0.1	0.0425
-0.2	0.2	0.05
-0.2	0.3	0.0625
-0.2	0.4	0.08
-0.2	0.5	0.1025
-0.2	0.6	0.13
-0.2	0.7	0.1625
-0.2	0.8	0.2
-0.2	0.9	0.2425
-0.2	1	0.29
-0.2	1.1	0.3425
-0.2	1.2	0.4
-0.2	1.3	0.4625
-0.2	1.4	0.53
-0.2	1.5	0.6025
-0.2	1.6	0.68
-0.2	1.7	0.7625
-0.2	1.8	0.85
-0.2	1.9	0.9425
-0.2	2	1.04

-0.1	-2	1.01
-0.1	-1.9	0.9125
-0.1	-1.8	0.82
-0.1	-1.7	0.7325
-0.1	-1.6	0.65
-0.1	-1.5	0.5725
-0.1	-1.4	0.5
-0.1	-1.3	0.4325
-0.1	-1.2	0.37
-0.1	-1.1	0.3125
-0.1	-1	0.26
-0.1	-0.9	0.2125
-0.1	-0.8	0.17
-0.1	-0.7	0.1325
-0.1	-0.6	0.1
-0.1	-0.5	0.0725
-0.1	-0.4	0.05
-0.1	-0.3	0.0325
-0.1	-0.2	0.02
-0.1	-0.1	0.0125
-0.1	6.38378e-16	0.01
-0.1	0.1	0.0125
-0.1	0.2	0.02
-0.1	0.3	0.0325
-0.1	0.4	0.05
-0.1	0.5	0.0725
-0.1	0.6	0.1
-0.1	0.7	0.1325
-0.1	0.8	0.17
-0.1	0.9	0.2125
-0.1	1	0.26
-0.1	1.1	0.3125
-0.1	1.2	0.37
-0.1	1.3	0.4325
-0.1	1.4	0.5
-0.1	1.5	0.5725
-0.1	1.6	0.65
-0.1	1.7	0.7325
-0.1	1.8	0.82
-0.1	1.9	0.9125
-0.1	2	1.01

6.38378e-16	-2	1
6.38378e-16	-1.9	0.9025
6.38378e-16	-1.8	0.81
6.38378e-16	-1.7	0.7225
6.38378e-16	-1.6	0.64
6.38378e-16	-1.5	0.5625
6.38378e-16	-1.4	0.49
6.38378e-16	-1.3	0.4225
6.38378e-16	-1.2	0.36
6.38378e-16	-1.1	0.3025
6.38378e-16	-1	0.25
6.38378e-16	-0.9	0.2025
6.38378e-16	-0.8	0.16
6.38378e-16	-0.7	0.1225
6.38378e-16	-0.6	0.09
6.38378e-16	-0.5	0.0625
6.38378e-16	-0.4	0.04
6.38378e-16	-0.3	0.0225
6.38378e-16	-0.2	0.01
6.38378e-16	-0.1	0.0025
6.38378e-16	6.38378e-16	5.09408e-31
6.38378e-16	0.1	0.0025
6.38378e-16	0.2	0.01
6.38378e-16	0.3	0.0225
6.38378e-16	0.4	0.04
6.38378e-16	0.5	0.0625
6.38378e-16	0.6	0.09
6.38378e-16	0.7	0.1225
6.38378e-16	0.8	0.16
6.38378e-16	0.9	0.2025
6.38378e-16	1	0.25
6.38378e-16	1.1	0.3025
6.38378e-16	1.2	0.36
6.38378e-16	1.3	0.4225
6.38378e-16	1.4	0.49
6.38378e-16	1.5	0.5625
6.38378e-16	1.6	0.64
6.38378e-16	1.7	0.7225
6.38378e-16	1.8	0.81
6.38378e-16	1.9	0.9025
6.38378e-16	2	1

0.1	-2	1.01
0.1	-1.9	0.9125
0.1	-1.8	0.82
0.1	-1.7	0.7325
0.1	-1.6	0.65
0.1	-1.5	0.5725
0.1	-1.4	0.5
0.1	-1.3	0.4325
0.1	-1.2	0.37
0.1	-1.1	0.3125
0.1	-1	0.26
0.1	-0.9	0.2125
0.1	-0.8	0.17
0.1	-0.7	0.1325
0.1	-0.6	0.1
0.1	-0.5	0.0725
0.1	-0.4	0.05
0.1	-0.3	0.0325
0.1	-0.2	0.02
0.1	-0.1	0.0125
0.1	6.38378e-16	0.01
0.1	0.1	0.0125
0.1	0.2	0.02
0.1	0.3	0.0325
0.1	0.4	0.05
0.1	0.5	0.0725
0.1	0.6	0.1
0.1	0.7	0.1325
0.1	0.8	0.17
0.1	0.9	0.2125
0.1	1	0.26
0.1	1.1	0.3125
0.1	1.2	0.37
0.1	1.3	0.4325
0.1	1.4	0.5
0.1	1.5	0.5725
0.1	1.6	0.65
0.1	1.7	0.7325
0.1	1.8	0.82
0.1	1.9	0.9125
0.1	2	1.01

0.2	-2	1.04
0.2	-1.9	0.9425
0.2	-1.8	0.85
0.2	-1.7	0.7625
0.2	-1.6	0.68
0.2	-1.5	0.6025
0.2	-1.4	0.53
0.2	-1.3	0.4625
0.2	-1.2	0.4
0.2	-1.1	0.3425
0.2	-1	0.29
0.2	-0.9	0.2425
0.2	-0.8	0.2
0.2	-0.7	0.1625
0.2	-0.6	0.13
0.2	-0.5	0.1025
0.2	-0.4	0.08
0.2	-0.3	0.0625
0.2	-0.2	0.05
0.2	-0.1	0.0425
0.2	6.38378e-16	0.04
0.2	0.1	0.0425
0.2	0.2	0.05
0.2	0.3	0.0625
0.2	0.4	0.08
0.2	0.5	0.1025
0.2	0.6	0.13
0.2	0.7	0.1625
0.2	0.8	0.2
0.2	0.9	0.2425
0.2	1	0.29
0.2	1.1	0.3425
0.2	1.2	0.4
0.2	1.3	0.4625
0.2	1.4	0.53
0.2	1.5	0.6025
0.2	1.6	0.68
0.2	1.7	0.7625
0.2	1.8	0.85
0.2	1.9	0.9425
0.2	2	1.04

0.3	-2	1.09
0.3	-1.9	0.9925
0.3	-1.8	0.9
0.3	-1.7	0.8125
0.3	-1.6	0.73
0.3	-1.5	0.6525
0.3	-1.4	0.58
0.3	-1.3	0.5125
0.3	-1.2	0.45
0.3	-1.1	0.3925
0.3	-1	0.34
0.3	-0.9	0.2925
0.3	-0.8	0.25
0.3	-0.7	0.2125
0.3	-0.6	0.18
0.3	-0.5	0.1525
0.3	-0.4	0.13
0.3	-0.3	0.1125
0.3	-0.2	0.1
0.3	-0.1	0.0925
0.3	6.38378e-16	0.09
0.3	0.1	0.0925
0.3	0.2	0.1
0.3	0.3	0.1125
0.3	0.4	0.13
0.3	0.5	0.1525
0.3	0.6	0.18
0.3	0.7	0.2125
0.3	0.8	0.25
0.3	0.9	0.2925
0.3	1	0.34
0.3	1.1	0.3925
0.3	1.2	0.45
0.3	1.3	0.5125
0.3	1.4	0.58
0.3	1.5	0.6525
0.3	1.6	0.73
0.3	1.7	0.8125
0.3	1.8	0.9
0.3	1.9	0.9925
0.3	2	1.09

0.4	-2	1.16
0.4	-1.9	1.0625
0.4	-1.8	0.97
0.4	-1.7	0.8825
0.4	-1.6	0.8
0.4	-1.5	0.7225
0.4	-1.4	0.65
0.4	-1.3	0.5825
0.4	-1.2	0.52
0.4	-1.1	0.4625
0.4	-1	0.41
0.4	-0.9	0.3625
0.4	-0.8	0.32
0.4	-0.7	0.2825
0.4	-0.6	0.25
0.4	-0.5	0.2225
0.4	-0.4	0.2
0.4	-0.3	0.1825
0.4	-0.2	0.17
0.4	-0.1	0.1625
0.4	6.38378e-16	0.16
0.4	0.1	0.1625
0.4	0.2	0.17
0.4	0.3	0.1825
0.4	0.4	0.2
0.4	0.5	0.2225
0.4	0.6	0.25
0.4	0.7	0.2825
0.4	0.8	0.32
0.4	0.9	0.3625
0.4	1	0.41
0.4	1.1	0.4625
0.4	1.2	0.52
0.4	1.3	0.5825
0.4	1.4	0.65
0.4	1.5	0.7225
0.4	1.6	0.8
0.4	1.7	0.8825
0.4	1.8	0.97
0.4	1.9	1.0625
0.4	2	1.16

0.5	-2	1.25
0.5	-1.9	1.1525
0.5	-1.8	1.06
0.5	-1.7	0.9725
0.5	-1.6	0.89
0.5	-1.5	0.8125
0.5	-1.4	0.74
0.5	-1.3	0.6725
0.5	-1.2	0.61
0.5	-1.1	0.5525
0.5	-1	0.5
0.5	-0.9	0.4525
0.5	-0.8	0.41
0.5	-0.7	0.3725
0.5	-0.6	0.34
0.5	-0.5	0.3125
0.5	-0.4	0.29
0.5	-0.3	0.2725
0.5	-0.2	0.26
0.5	-0.1	0.2525
0.5	6.38378e-16	0.25
0.5	0.1	0.2525
0.5	0.2	0.26
0.5	0.3	0.2725
0.5	0.4	0.29
0.5	0.5	0.3125
0.5	0.6	0.34
0.5	0.7	0.3725
0.5	0.8	0.41
0.5	0.9	0.4525
0.5	1	0.5
0.5	1.1	0.5525
0.5	1.2	0.61
0.5	1.3	0.6725
0.5	1.4	0.74
0.5	1.5	0.8125
0.5	1.6	0.89
0.5	1.7	0.9725
0.5	1.8	1.06
0.5	1.9	1.1525
0.5	2	1.25

0.6	-2	1.36
0.6	-1.9	1.2625
0.6	-1.8	1.17
0.6	-1.7	1.0825
0.6	-1.6	1
0.6	-1.5	0.9225
0.6	-1.4	0.85
0.6	-1.3	0.7825
0.6	-1.2	0.72
0.6	-1.1	0.6625
0.6	-1	0.61
0.6	-0.9	0.5625
0.6	-0.8	0.52
0.6	-0.7	0.4825
0.6	-0.6	0.45
0.6	-0.5	0.4225
0.6	-0.4	0.4
0.6	-0.3	0.3825
0.6	-0.2	0.37
0.6	-0.1	0.3625
0.6	6.38378e-16	0.36
0.6	0.1	0.3625
0.6	0.2	0.37
0.6	0.3	0.3825
0.6	0.4	0.4
0.6	0.5	0.4225
0.6	0.6	0.45
0.6	0.7	0.4825
0.6	0.8	0.52
0.6	0.9	0.5625
0.6	1	0.61
0.6	1.1	0.6625
0.6	1.2	0.72
0.6	1.3	0.7825
0.6	1.4	0.85
0.6	1.5	0.9225
0.6	1.6	1
0.6	1.7	1.0825
0.6	1.8	1.17
0.6	1.9	1.2625
0.6	2	1.36

0.7	-2	1.49
0.7	-1.9	1.3925
0.7	-1.8	1.3
0.7	-1.7	1.2125
0.7	-1.6	1.13
0.7	-1.5	1.0525
0.7	-1.4	0.98
0.7	-1.3	0.9125
0.7	-1.2	0.85
0.7	-1.1	0.7925
0.7	-1	0.74
0.7	-0.9	0.6925
0.7	-0.8	0.65
0.7	-0.7	0.6125
0.7	-0.6	0.58
0.7	-0.5	0.5525
0.7	-0.4	0.53
0.7	-0.3	0.5125
0.7	-0.2	0.5
0.7	-0.1	0.4925
0.7	6.38378e-16	0.49
0.7	0.1	0.4925
0.7	0.2	0.5
0.7	0.3	0.5125
0.7	0.4	0.53
0.7	0.5	0.5525
0.7	0.6	0.58
0.7	0.7	0.6125
0.7	0.8	0.65
0.7	0.9	0.6925
0.7	1	0.74
0.7	1.1	0.7925
0.7	1.2	0.85
0.7	1.3	0.9125
0.7	1.4	0.98
0.7	1.5	1.0525
0.7	1.6	1.13
0.7	1.7	1.2125
0.7	1.8	1.3
0.7	1.9	1.3925
0.7	2	1.49

0.8	-2	1.64
0.8	-1.9	1.5425
0.8	-1.8	1.45
0.8	-1.7	1.3625
0.8	-1.6	1.28
0.8	-1.5	1.2025
0.8	-1.4	1.13
0.8	-1.3	1.0625
0.8	-1.2	1
0.8	-1.1	0.9425
0.8	-1	0.89
0.8	-0.9	0.8425
0.8	-0.8	0.8
0.8	-0.7	0.7625
0.8	-0.6	0.73
0.8	-0.5	0.7025
0.8	-0.4	0.68
0.8	-0.3	0.6625
0.8	-0.2	0.65
0.8	-0.1	0.6425
0.8	6.38378e-16	0.64
0.8	0.1	0.6425
0.8	0.2	0.65
0.8	0.3	0.6625
0.8	0.4	0.68
0.8	0.5	0.7025
0.8	0.6	0.73
0.8	0.7	0.7625
0.8	0.8	0.8
0.8	0.9	0.8425
0.8	1	0.89
0.8	1.1	0.9425
0.8	1.2	1
0.8	1.3	1.0625
0.8	1.4	1.13
0.8	1.5	1.2025
0.8	1.6	1.28
0.8	1.7	1.3625
0.8	1.8	1.45
0.8	1.9	1.5425
0.8	2	1.64

0.9	-2	1.81
0.9	-1.9	1.7125
0.9	-1.8	1.62
0.9	-1.7	1.5325
0.9	-1.6	1.45
0.9	-1.5	1.3725
0.9	-1.4	1.3
0.9	-1.3	1.2325
0.9	-1.2	1.17
0.9	-1.1	1.1125
0.9	-1	1.06
0.9	-0.9	1.0125
0.9	-0.8	0.97
0.9	-0.7	0.9325
0.9	-0.6	0.9
0.9	-0.5	0.8725
0.9	-0.4	0.85
0.9	-0.3	0.8325
0.9	-0.2	0.82
0.9	-0.1	0.8125
0.9	6.38378e-16	0.81
0.9	0.1	0.8125
0.9	0.2	0.82
0.9	0.3	0.8325
0.9	0.4	0.85
0.9	0.5	0.8725
0.9	0.6	0.9
0.9	0.7	0.9325
0.9	0.8	0.97
0.9	0.9	1.0125
0.9	1	1.06
0.9	1.1	1.1125
0.9	1.2	1.17
0.9	1.3	1.2325
0.9	1.4	1.3
0.9	1.5	1.3725
0.9	1.6	1.45
0.9	1.7	1.5325
0.9	1.8	1.62
0.9	1.9	1.7125
0.9	2	1.81

1	-2	2
1	-1.9	1.9025
1	-1.8	1.81
1	-1.7	1.7225
1	-1.6	1.64
1	-1.5	1.5625
1	-1.4	1.49
1	-1.3	1.4225
1	-1.2	1.36
1	-1.1	1.3025
1	-1	1.25
1	-0.9	1.2025
1	-0.8	1.16
1	-0.7	1.1225
1	-0.6	1.09
1	-0.5	1.0625
1	-0.4	1.04
1	-0.3	1.0225
1	-0.2	1.01
1	-0.1	1.0025
1	6.38378e-16	1
1	0.1	1.0025
1	0.2	1.01
1	0.3	1.0225
1	0.4	1.04
1	0.5	1.0625
1	0.6	1.09
1	0.7	1.1225
1	0.8	1.16
1	0.9	1.2025
1	1	1.25
1	1.1	1.3025
1	1.2	1.36
1	1.3	1.4225
1	1.4	1.49
1	1.5	1.5625
1	1.6	1.64
1	1.7	1.7225
1	1.8	1.81
1	1.9	1.9025
1	2	2

1.1	-2	2.21
1.1	-1.9	2.1125
1.1	-1.8	2.02
1.1	-1.7	1.9325
1.1	-1.6	1.85
1.1	-1.5	1.7725
1.1	-1.4	1.7
1.1	-1.3	1.6325
1.1	-1.2	1.57
1.1	-1.1	1.5125
1.1	-1	1.46
1.1	-0.9	1.4125
1.1	-0.8	1.37
1.1	-0.7	1.3325
1.1	-0.6	1.3
1.1	-0.5	1.2725
1.1	-0.4	1.25
1.1	-0.3	1.2325
1.1	-0.2	1.22
1.1	-0.1	1.2125
1.1	6.38378e-16	1.21
1.1	0.1	1.2125
1.1	0.2	1.22
1.1	0.3	1.2325
1.1	0.4	1.25
1.1	0.5	1.2725
1.1	0.6	1.3
1.1	0.7	1.3325
1.1	0.8	1.37
1.1	0.9	1.4125
1.1	1	1.46
1.1	1.1	1.5125
1.1	1.2	1.57
1.1	1.3	1.6325
1.1	1.4	1.7
1.1	1.5	1.7725
1.1	1.6	1.85
1.1	1.7	1.9325
1.1	1.8	2.02
1.1	1.9	2.1125
1.1	2	2.21

1.2	-2	2.44
1.2	-1.9	2.3425
1.2	-1.8	2.25
1.2	-1.7	2.1625
1.2	-1.6	2.08
1.2	-1.5	2.0025
1.2	-1.4	1.93
1.2	-1.3	1.8625
1.2	-1.2	1.8
1.2	-1.1	1.7425
1.2	-1	1.69
1.2	-0.9	1.6425
1.2	-0.8	1.6
1.2	-0.7	1.5625
1.2	-0.6	1.53
1.2	-0.5	1.5025
1.2	-0.4	1.48
1.2	-0.3	1.4625
1.2	-0.2	1.45
1.2	-0.1	1.4425
1.2	6.38378e-16	1.44
1.2	0.1	1.4425
1.2	0.2	1.45
1.2	0.3	1.4625
1.2	0.4	1.48
1.2	0.5	1.5025
1.2	0.6	1.53
1.2	0.7	1.5625
1.2	0.8	1.6
1.2	0.9	1.6425
1.2	1	1.69
1.2	1.1	1.7425
1.2	1.2	1.8
1.2	1.3	1.8625
1.2	1.4	1.93
1.2	1.5	2.0025
1.2	1.6	2.08
1.2	1.7	2.1625
1.2	1.8	2.25
1.2	1.9	2.3425
1.2	2	2.44

1.3	-2	2.69
1.3	-1.9	2.5925
1.3	-1.8	2.5
1.3	-1.7	2.4125
1.3	-1.6	2.33
1.3	-1.5	2.2525
1.3	-1.4	2.18
1.3	-1.3	2.1125
1.3	-1.2	2.05
1.3	-1.1	1.9925
1.3	-1	1.94
1.3	-0.9	1.8925
1.3	-0.8	1.85
1.3	-0.7	1.8125
1.3	-0.6	1.78
1.3	-0.5	1.7525
1.3	-0.4	1.73
1.3	-0.3	1.7125
1.3	-0.2	1.7
1.3	-0.1	1.6925
1.3	6.38378e-16	1.69
1.3	0.1	1.6925
1.3	0.2	1.7
1.3	0.3	1.7125
1.3	0.4	1.73
1.3	0.5	1.7525
1.3	0.6	1.78
1.3	0.7	1.8125
1.3	0.8	1.85
1.3	0.9	1.8925
1.3	1	1.94
1.3	1.1	1.9925
1.3	1.2	2.05
1.3	1.3	2.1125
1.3	1.4	2.18
1.3	1.5	2.2525
1.3	1.6	2.33
1.3	1.7	2.4125
1.3	1.8	2.5
1.3	1.9	2.5925
1.3	2	2.69

1.4	-2	2.96
1.4	-1.9	2.8625
1.4	-1.8	2.77
1.4	-1.7	2.6825
1.4	-1.6	2.6
1.4	-1.5	2.5225
1.4	-1.4	2.45
1.4	-1.3	2.3825
1.4	-1.2	2.32
1.4	-1.1	2.2625
1.4	-1	2.21
1.4	-0.9	2.1625
1.4	-0.8	2.12
1.4	-0.7	2.0825
1.4	-0.6	2.05
1.4	-0.5	2.0225
1.4	-0.4	2
1.4	-0.3	1.9825
1.4	-0.2	1.97
1.4	-0.1	1.9625
1.4	6.38378e-16	1.96
1.4	0.1	1.9625
1.4	0.2	1.97
1.4	0.3	1.9825
1.4	0.4	2
1.4	0.5	2.0225
1.4	0.6	2.05
1.4	0.7	2.0825
1.4	0.8	2.12
1.4	0.9	2.1625
1.4	1	2.21
1.4	1.1	2.2625
1.4	1.2	2.32
1.4	1.3	2.3825
1.4	1.4	2.45
1.4	1.5	2.5225
1.4	1.6	2.6
1.4	1.7	2.6825
1.4	1.8	2.77
1.4	1.9	2.8625
1.4	2	2.96

1.5	-2	3.25
1.5	-1.9	3.1525
1.5	-1.8	3.06
1.5	-1.7	2.9725
1.5	-1.6	2.89
1.5	-1.5	2.8125
1.5	-1.4	2.74
1.5	-1.3	2.6725
1.5	-1.2	2.61
1.5	-1.1	2.5525
1.5	-1	2.5
1.5	-0.9	2.4525
1.5	-0.8	2.41
1.5	-0.7	2.3725
1.5	-0.6	2.34
1.5	-0.5	2.3125
1.5	-0.4	2.29
1.5	-0.3	2.2725
1.5	-0.2	2.26
1.5	-0.1	2.2525
1.5	6.38378e-16	2.25
1.5	0.1	2.2525
1.5	0.2	2.26
1.5	0.3	2.2725
1.5	0.4	2.29
1.5	0.5	2.3125
1.5	0.6	2.34
1.5	0.7	2.3725
1.5	0.8	2.41
1.5	0.9	2.4525
1.5	1	2.5
1.5	1.1	2.5525
1.5	1.2	2.61
1.5	1.3	2.6725
1.5	1.4	2.74
1.5	1.5	2.8125
1.5	1.6	2.89
1.5	1.7	2.9725
1.5	1.8	3.06
1.5	1.9	3.1525
1.5	2	3.25

1.6	-2	3.56
1.6	-1.9	3.4625
1.6	-1.8	3.37
1.6	-1.7	3.2825
1.6	-1.6	3.2
1.6	-1.5	3.1225
1.6	-1.4	3.05
1.6	-1.3	2.9825
1.6	-1.2	2.92
1.6	-1.1	2.8625
1.6	-1	2.81
1.6	-0.9	2.7625
1.6	-0.8	2.72
1.6	-0.7	2.6825
1.6	-0.6	2.65
1.6	-0.5	2.6225
1.6	-0.4	2.6
1.6	-0.3	2.5825
1.6	-0.2	2.57
1.6	-0.1	2.5625
1.6	6.38378e-16	2.56
1.6	0.1	2.5625
1.6	0.2	2.57
1.6	0.3	2.5825
1.6	0.4	2.6
1.6	0.5	2.6225
1.6	0.6	2.65
1.6	0.7	2.6825
1.6	0.8	2.72
1.6	0.9	2.7625
1.6	1	2.81
1.6	1.1	2.8625
1.6	1.2	2.92
1.6	1.3	2.9825
1.6	1.4	3.05
1.6	1.5	3.1225
1.6	1.6	3.2
1.6	1.7	3.2825
1.6	1.8	3.37
1.6	1.9	3.4625
1.6	2	3.56

1.7	-2	3.89
1.7	-1.9	3.7925
1.7	-1.8	3.7
1.7	-1.7	3.6125
1.7	-1.6	3.53
1.7	-1.5	3.4525
1.7	-1.4	3.38
1.7	-1.3	3.3125
1.7	-1.2	3.25
1.7	-1.1	3.1925
1.7	-1	3.14
1.7	-0.9	3.0925
1.7	-0.8	3.05
1.7	-0.7	3.0125
1.7	-0.6	2.98
1.7	-0.5	2.9525
1.7	-0.4	2.93
1.7	-0.3	2.9125
1.7	-0.2	2.9
1.7	-0.1	2.8925
1.7	6.38378e-16	2.89
1.7	0.1	2.8925
1.7	0.2	2.9
1.7	0.3	2.9125
1.7	0.4	2.93
1.7	0.5	2.9525
1.7	0.6	2.98
1.7	0.7	3.0125
1.7	0.8	3.05
1.7	0.9	3.0925
1.7	1	3.14
1.7	1.1	3.1925
1.7	1.2	3.25
1.7	1.3	3.3125
1.7	1.4	3.38
1.7	1.5	3.4525
1.7	1.6	3.53
1.7	1.7	3.6125
1.7	1.8	3.7
1.7	1.9	3.7925
1.7	2	3.89

1.8	-2	4.24
1.8	-1.9	4.1425
1.8	-1.8	4.05
1.8	-1.7	3.9625
1.8	-1.6	3.88
1.8	-1.5	3.8025
1.8	-1.4	3.73
1.8	-1.3	3.6625
1.8	-1.2	3.6
1.8	-1.1	3.5425
1.8	-1	3.49
1.8	-0.9	3.4425
1.8	-0.8	3.4
1.8	-0.7	3.3625
1.8	-0.6	3.33
1.8	-0.5	3.3025
1.8	-0.4	3.28
1.8	-0.3	3.2625
1.8	-0.2	3.25
1.8	-0.1	3.2425
1.8	6.38378e-16	3.24
1.8	0.1	3.2425
1.8	0.2	3.25
1.8	0.3	3.2625
1.8	0.4	3.28
1.8	0.5	3.3025
1.8	0.6	3.33
1.8	0.7	3.3625
1.8	0.8	3.4
1.8	0.9	3.4425
1.8	1	3.49
1.8	1.1	3.5425
1.8	1.2	3.6
1.8	1.3	3.6625
1.8	1.4	3.73
1.8	1.5	3.8025
1.8	1.6	3.88
1.8	1.7	3.9625
1.8	1.8	4.05
1.8	1.9	4.1425
1.8	2	4.24

1.9	-2	4.61
1.9	-1.9	4.5125
1.9	-1.8	4.42
1.9	-1.7	4.3325
1.9	-1.6	4.25
1.9	-1.5	4.1725
1.9	-1.4	4.1
1.9	-1.3	4.0325
1.9	-1.2	3.97
1.9	-1.1	3.9125
1.9	-1	3.86
1.9	-0.9	3.8125
1.9	-0.8	3.77
1.9	-0.7	3.7325
1.9	-0.6	3.7
1.9	-0.5	3.6725
1.9	-0.4	3.65
1.9	-0.3	3.6325
1.9	-0.2	3.62
1.9	-0.1	3.6125
1.9	6.38378e-16	3.61
1.9	0.1	3.6125
1.9	0.2	3.62
1.9	0.3	3.6325
1.9	0.4	3.65
1.9	0.5	3.6725
1.9	0.6	3.7
1.9	0.7	3.7325
1.9	0.8	3.77
1.9	0.9	3.8125
1.9	1	3.86
1.9	1.1	3.9125
1.9	1.2	3.97
1.9	1.3	4.0325
1.9	1.4	4.1
1.9	1.5	4.1725
1.9	1.6	4.25
1.9	1.7	4.3325
1.9	1.8	4.42
1.9	1.9	4.5125
1.9	2	4.61

2	-2	5
2	-1.9	4.9025
2	-1.8	4.81
2	-1.7	4.7225
2	-1.6	4.64
2	-1.5	4.5625
2	-1.4	4.49
2	-1.3	4.4225
2	-1.2	4.36
2	-1.1	4.3025
2	-1	4.25
2	-0.9	4.2025
2	-0.8	4.16
2	-0.7	4.1225
2	-0.6	4.09
2	-0.5	4.0625
2	-0.4	4.04
2	-0.3	4.0225
2	-0.2	4.01
2	-0.1	4.0025
2	6.38378e-16	4
2	0.1	4.0025
2	0.2	4.01
2	0.3	4.0225
2	0.4	4.04
2	0.5	4.0625
2	0.6	4.09
2	0.7	4.1225
2	0.8	4.16
2	0.9	4.2025
2	1	4.25
2	1.1	4.3025
2	1.2	4.36
2	1.3	4.4225
2	1.4	4.49
2	1.5	4.5625
2	1.6	4.64
2	1.7	4.7225
2	1.8	4.81
2	1.9	4.9025
2	2	5

