# hamilton's simple pendulum	
# m = 	1.111
# l = 	1.234
# g = 	9.806
0	2.14159	-7.00918e-12
0.000976562	2.14159	-0.00653007
0.00179156	2.14158	-0.0124713
0.00260655	2.14157	-0.0119355
0.00334005	2.14155	-0.0229612
0.00407354	2.14153	-0.0222453
0.00480704	2.1415	-0.0279492
0.00627403	2.14145	-0.0419566
0.00774102	2.14138	-0.0487727
0.00920801	2.14129	-0.0608818
0.012142	2.14108	-0.0812003
0.015076	2.14082	-0.100825
0.0180099	2.14049	-0.120402
0.0209439	2.14011	-0.14007
0.0268119	2.13917	-0.179389
0.0326798	2.138	-0.218682
0.0385478	2.13661	-0.258034
0.0444158	2.13498	-0.297414
0.0561517	2.13102	-0.376321
0.0665695	2.12674	-0.446544
0.0769873	2.12172	-0.516906
0.0874051	2.11596	-0.587573
0.0978229	2.10947	-0.658493
0.108241	2.10224	-0.729707
0.129076	2.08554	-0.873169
0.149912	2.06585	-1.01803
0.170747	2.04311	-1.16462
0.189499	2.02002	-1.29807
0.208251	1.99442	-1.43315
0.227003	1.96626	-1.56983
0.245756	1.93553	-1.70819
0.264508	1.90219	-1.84825
0.28326	1.86621	-1.99001
0.307411	1.81592	-2.17483
0.331562	1.76114	-2.36217
0.355714	1.7018	-2.55166
0.379865	1.63788	-2.74249
0.404016	1.56933	-2.93427
0.428168	1.49614	-3.12606
0.452319	1.41834	-3.31671
0.47647	1.33596	-3.50501
0.500622	1.24907	-3.68953
0.524773	1.15779	-3.86858
0.548925	1.06226	-4.04045
0.573076	0.962696	-4.2032
0.597227	0.859328	-4.35481
0.621379	0.752454	-4.49325
0.64553	0.642416	-4.61649
0.669681	0.529604	-4.72261
0.693833	0.414455	-4.80986
0.717984	0.297441	-4.87672
0.742135	0.179072	-4.922
0.766287	0.0598775	-4.94486
0.790438	-0.0595933	-4.94487
0.814589	-0.178789	-4.92204
0.838741	-0.297161	-4.8768
0.862892	-0.414178	-4.80997
0.887044	-0.529332	-4.72276
0.911195	-0.642149	-4.61668
0.935346	-0.752194	-4.49348
0.959498	-0.859076	-4.35508
0.983649	-0.962454	-4.20372
1.0078	-1.06203	-4.04082
1.03195	-1.15756	-3.86891
1.0561	-1.24885	-3.6899
1.08025	-1.33575	-3.50546
1.10441	-1.41814	-3.31715
1.12856	-1.49596	-3.12649
1.15271	-1.56915	-2.93477
1.17686	-1.63772	-2.74302
1.20101	-1.70166	-2.55208
1.22516	-1.761	-2.36264
1.24931	-1.81579	-2.17532
1.27347	-1.86609	-1.9904
1.29762	-1.91196	-1.80808
1.32177	-1.95345	-1.62867
1.34592	-1.99065	-1.45196
1.37007	-2.02361	-1.27816
1.39422	-2.05241	-1.10673
1.41837	-2.0771	-0.93797
1.44252	-2.09773	-0.77108
1.46668	-2.11435	-0.606035
1.49083	-2.12701	-0.442411
1.51498	-2.13573	-0.2799
1.53913	-2.14054	-0.118088
1.56328	-2.14144	0.0434731
1.58743	-2.13844	0.205083
1.61158	-2.13153	0.367248
1.63574	-2.12069	0.530268
1.65989	-2.1059	0.694632
1.68404	-2.08713	0.860543
1.70819	-2.06432	1.02856
1.73234	-2.03743	1.19864
1.75649	-2.0064	1.37148
1.78064	-1.97117	1.54662
1.8048	-1.93167	1.72508
1.82895	-1.88783	1.90589
1.8531	-1.83959	2.08971
1.87725	-1.78688	2.27576
1.9014	-1.72964	2.4645
1.92555	-1.66784	2.65442
1.9497	-1.60141	2.84605
1.97385	-1.53035	3.03791
1.99801	-1.45467	3.22932
2.02216	-1.37438	3.41885
2.04631	-1.28956	3.60526
2.07046	-1.20028	3.78708
2.09461	-1.10668	3.96239
2.11876	-1.00894	4.12966
2.14291	-0.907288	4.28668
2.16707	-0.801986	4.43141
2.19122	-0.693356	4.56186
2.21537	-0.581767	4.67609
2.23952	-0.467635	4.77223
2.26367	-0.351417	4.84862
2.28782	-0.233606	4.90393
2.31197	-0.114723	4.93718
2.33612	0.00468949	4.94772
2.36028	0.12408	4.93537
2.38443	0.242898	4.90034
2.40858	0.360602	4.8433
2.43273	0.476674	4.76529
2.45688	0.590622	4.66768
2.48103	0.701993	4.55211
2.50518	0.810374	4.42045
2.52934	0.915401	4.27468
2.55349	1.01676	4.11704
2.57764	1.11418	3.94897
2.60179	1.20744	3.77293
2.62594	1.29637	3.59078
2.65009	1.38085	3.40408
2.67424	1.46077	3.21434
2.6984	1.53609	3.02295
2.72255	1.60679	2.83108
2.7467	1.67285	2.63968
2.77085	1.7343	2.44949
2.795	1.79118	2.26111
2.81915	1.84354	2.07507
2.8433	1.89143	1.89157
2.86745	1.93492	1.71076
2.89161	1.97409	1.53287
2.91576	2.00899	1.35766
2.93991	2.03969	1.18528
2.96406	2.06626	1.01528
2.98821	2.08875	0.847478
3.01236	2.10721	0.681681
3.03651	2.12169	0.517456
3.06067	2.13222	0.354455
3.08482	2.13882	0.192396
3.10897	2.14152	0.0307965
3.13312	2.14031	-0.130739
3.15727	2.1352	-0.2926
3.18142	2.12617	-0.455191
3.20557	2.1132	-0.618889
3.22973	2.09626	-0.784066
3.25388	2.07532	-0.951047
3.27803	2.05031	-1.12018
3.30218	2.02119	-1.29166
3.32633	1.9879	-1.46576
3.35048	1.95037	-1.64266
3.37463	1.90853	-1.82228
3.39878	1.86232	-2.00484
3.42294	1.81168	-2.18983
3.44709	1.75653	-2.37737
3.47124	1.69682	-2.56698
3.49539	1.63252	-2.75797
3.51954	1.5636	-2.9499
3.54369	1.49004	-3.14145
3.56784	1.41186	-3.33217
3.592	1.32912	-3.5201
3.61615	1.24187	-3.70416
3.6403	1.15024	-3.88273
3.66445	1.05438	-4.05397
3.6886	0.954497	-4.2159
3.71275	0.850835	-4.36651
3.7369	0.743692	-4.50379
3.76106	0.633415	-4.62573
3.78521	0.520397	-4.73039
3.80936	0.405079	-4.81604
3.83351	0.287937	-4.8812
3.85766	0.16948	-4.92469
3.88181	0.0502428	-4.94573
3.90596	-0.0692267	-4.94389
3.93011	-0.188376	-4.91923
3.95427	-0.306659	-4.87221
3.97842	-0.423544	-4.80369
4.00257	-0.538527	-4.7149
4.02672	-0.651137	-4.60737
4.05087	-0.760941	-4.48287
4.07502	-0.867552	-4.34333
4.09917	-0.970635	-4.191
4.12333	-1.06989	-4.0273
4.14748	-1.16509	-3.85472
4.17163	-1.25603	-3.6752
4.19578	-1.34257	-3.49039
4.21993	-1.4246	-3.30186
4.24408	-1.50204	-3.11106
4.26823	-1.57486	-2.91929
4.29238	-1.64305	-2.72757
4.31654	-1.70662	-2.53674
4.34069	-1.76559	-2.34747
4.36484	-1.82002	-2.1603
4.38899	-1.86996	-1.97556
4.41314	-1.91547	-1.79357
4.43729	-1.95662	-1.61426
4.46144	-1.99347	-1.43797
4.4856	-2.02609	-1.2641
4.50975	-2.05456	-1.09309
4.5339	-2.07892	-0.924242
4.55805	-2.09923	-0.757714
4.5822	-2.11553	-0.592793
4.60635	-2.12787	-0.429269
4.6305	-2.13627	-0.266878
4.65466	-2.14076	-0.104969
4.67881	-2.14135	0.0564746
4.70296	-2.13803	0.218205
4.72711	-2.13081	0.380265
4.75126	-2.11966	0.543553
4.77541	-2.10455	0.707927
4.79956	-2.08545	0.87409
4.82371	-2.06232	1.04212
4.84787	-2.0351	1.21257
4.87202	-2.00373	1.38532
4.89617	-1.96816	1.56109
4.92032	-1.92831	1.73921
4.94447	-1.88412	1.92077
4.96862	-1.83552	2.10451
4.99277	-1.78245	2.29111
5.01693	-1.72485	2.47953
5.04108	-1.66266	2.67022
5.06523	-1.59587	2.86131
5.08938	-1.52444	3.05335
5.11353	-1.44838	3.24467
5.13768	-1.36773	3.43401
5.16183	-1.28254	3.62021
5.18599	-1.19291	3.80145
5.21014	-1.09897	3.97627
5.23429	-1.00091	4.14273
5.25844	-0.898952	4.29881
5.28259	-0.79337	4.44246
5.30674	-0.684487	4.57169
5.33089	-0.572677	4.68453
5.35504	-0.45836	4.77913
5.3792	-0.341994	4.85388
5.40335	-0.224077	4.90745
5.4275	-0.105131	4.93889
5.45165	0.0143004	4.94759
5.4758	0.133666	4.93339
5.49995	0.252414	4.89657
5.5241	0.370006	4.8378
5.54826	0.485925	4.75816
5.57241	0.599683	4.65904
5.59656	0.710828	4.54211
5.62071	0.818952	4.40924
5.64486	0.923698	4.26263
5.66901	1.02474	4.10373
5.69316	1.12183	3.93503
5.71732	1.21476	3.75852
5.74147	1.30334	3.57594
5.76562	1.38745	3.38891
5.78977	1.467	3.19898
5.81392	1.54195	3.00753
5.83807	1.61227	2.81568
5.86222	1.67796	2.62434
5.88637	1.73905	2.43426
5.91053	1.79556	2.24608
5.93468	1.84756	2.06017
5.95883	1.89509	1.87693
5.98298	1.93824	1.69632
6.00713	1.97706	1.51869
6.03128	2.01162	1.34369
6.05543	2.04199	1.17153
6.07959	2.06823	1.00171
6.10374	2.09039	0.834087
6.12789	2.10853	0.66842
6.15204	2.12269	0.504315
6.17619	2.1329	0.341394
6.20034	2.13919	0.179393
6.22449	2.14157	0.0178169
6.24864	2.14005	-0.14373
6.2728	2.13462	-0.305631
6.29695	2.12528	-0.468302
6.3211	2.11199	-0.6321
6.34525	2.09474	-0.797416
6.3694	2.07346	-0.964549
6.39736	2.04376	-1.16074
6.42532	2.00853	-1.36024
6.45328	1.96767	-1.56328
6.48123	1.92108	-1.7701
6.50919	1.86866	-1.98063
6.53715	1.8103	-2.1948
6.56511	1.74591	-2.41212
6.59306	1.67541	-2.63209
6.62102	1.59873	-2.85367
6.64898	1.51584	-3.0758
6.67694	1.42676	-3.29675
6.7049	1.33153	-3.51484
6.73285	1.23027	-3.72762
6.76081	1.12317	-3.93271
6.78597	1.02199	-4.10832
6.81114	0.916514	-4.27315
6.8363	0.807054	-4.42488
6.86146	0.693966	-4.56122
6.88662	0.577664	-4.67994
6.91178	0.458619	-4.77895
6.93695	0.33735	-4.85642
6.96211	0.214418	-4.91087
6.98727	0.0904184	-4.94121
7.01243	-0.0340351	-4.94683
7.0376	-0.158318	-4.92762
7.06024	-0.269512	-4.88941
7.08289	-0.379623	-4.83202
7.10553	-0.488226	-4.75636
7.12818	-0.59492	-4.66362
7.15082	-0.699332	-4.55514
7.17347	-0.801125	-4.43246
7.19612	-0.899995	-4.29741
7.21876	-0.995673	-4.15116
7.24141	-1.08793	-3.99574
7.26405	-1.17659	-3.8331
7.2867	-1.26149	-3.66407
7.30935	-1.34251	-3.49051
7.33199	-1.41956	-3.31381
7.35464	-1.49258	-3.13509
7.37728	-1.56154	-2.95532
7.39993	-1.62643	-2.77549
7.42258	-1.68726	-2.59624
7.44522	-1.74403	-2.41819
7.47571	-1.81414	-2.18121
7.5	-1.86485	-1.99522
7.52428	-1.91107	-1.81191
7.54856	-1.95287	-1.63137
7.57285	-1.99032	-1.45379
7.59713	-2.0235	-1.27879
7.62142	-2.05246	-1.10662
7.6457	-2.07726	-0.936676
7.66998	-2.09797	-0.769096
7.69427	-2.11463	-0.60315
7.71855	-2.12728	-0.438655
7.74283	-2.13594	-0.275316
7.76712	-2.14065	-0.112519
7.7914	-2.14142	0.0498183
7.81569	-2.13823	0.212414
7.83997	-2.1311	0.375352
7.86425	-2.11999	0.539488
7.88854	-2.10489	0.704734
7.91282	-2.08575	0.871777
7.9371	-2.06254	1.0407
7.96139	-2.03519	1.21207
7.98567	-2.00366	1.38578
8.00996	-1.96786	1.56252
8.03424	-1.92775	1.74165
8.05852	-1.88324	1.92424
8.08281	-1.83428	2.10904
8.10709	-1.7808	2.29673
8.13137	-1.72273	2.48626
8.15566	-1.66003	2.67804
8.17994	-1.59267	2.87022
8.20422	-1.52062	3.0633
8.22851	-1.44389	3.2556
8.25279	-1.36252	3.44582
8.27708	-1.27656	3.63276
8.30136	-1.18613	3.8146
8.32564	-1.09136	3.9898
8.34993	-0.992426	4.1564
8.37421	-0.889577	4.31232
8.39849	-0.783093	4.45549
8.42278	-0.673306	4.5839
8.44706	-0.560601	4.69554
8.47135	-0.445408	4.78855
8.49563	-0.3282	4.86131
8.51991	-0.209483	4.91255
8.5442	-0.0897935	4.9413
8.56848	0.0303157	4.94703
8.59276	0.150283	4.92962
8.61705	0.26955	4.8894
8.64133	0.38757	4.82713
8.66562	0.503823	4.74395
8.6899	0.617816	4.64133
8.71418	0.729098	4.521
8.73847	0.837263	4.38488
8.76275	0.941954	4.23523
8.78703	1.04285	4.07351
8.81132	1.13971	3.90226
8.8356	1.23232	3.72347
8.85989	1.32051	3.53889
8.88417	1.40416	3.35013
8.90845	1.48319	3.15873
8.93274	1.55756	2.96605
8.95702	1.62724	2.77319
8.9813	1.69225	2.58103
9.00559	1.75261	2.3903
9.02987	1.80836	2.2016
9.05416	1.85955	2.01529
9.07844	1.90626	1.83171
9.10272	1.94854	1.65083
9.12701	1.98646	1.47294
9.15129	2.0201	1.2977
9.17557	2.04951	1.12529
9.19986	2.07477	0.955174
9.22414	2.09592	0.787201
9.24842	2.11302	0.621117
9.27271	2.1261	0.456508
9.29699	2.1352	0.292988
9.32128	2.14034	0.130278
9.34556	2.14153	-0.0321269
9.36984	2.13878	-0.194627
9.39413	2.13207	-0.357614
9.41841	2.1214	-0.521502
9.44269	2.10673	-0.686658
9.46698	2.08804	-0.853457
9.49126	2.06527	-1.02221
9.51555	2.03837	-1.19326
9.53983	2.0073	-1.3668
9.56411	1.97197	-1.54308
9.5884	1.93233	-1.72212
9.61268	1.88831	-1.90409
9.63696	1.83984	-2.0887
9.66125	1.78684	-2.2761
9.68553	1.72928	-2.4655
9.70982	1.66708	-2.6571
9.7341	1.60023	-2.84931
9.75838	1.52869	-3.04233
9.78267	1.45247	-3.23474
9.80695	1.3716	-3.42525
9.83123	1.28614	-3.6126
9.85552	1.19619	-3.79512
9.8798	1.10188	-3.97112
9.90409	1.00339	-4.13874
9.92837	0.900956	-4.29592
9.95265	0.794852	-4.44059
9.97694	0.685407	-4.5707
10.0012	0.573	-4.68426
