# newton's simple pendulum	
# m = 	1.111
# l = 	1.234
# g = 	9.806
0	2.14159	-7.00923e-12
0.000976562	2.14159	-0.00653007
0.00179162	2.14158	-0.0124715
0.00260668	2.14157	-0.0119359
0.00334024	2.14155	-0.0229624
0.00407379	2.14153	-0.0222467
0.00480735	2.1415	-0.0279508
0.00627445	2.14145	-0.0419596
0.00774156	2.14138	-0.0487763
0.00920867	2.14129	-0.060886
0.0121429	2.14108	-0.0812063
0.0150771	2.14082	-0.100832
0.0180113	2.14049	-0.120412
0.0209455	2.14011	-0.140081
0.026814	2.13917	-0.179402
0.0326824	2.138	-0.218699
0.0385508	2.1366	-0.258054
0.0444193	2.13497	-0.297438
0.0561561	2.13102	-0.376351
0.0667193	2.12667	-0.447555
0.0772825	2.12156	-0.518904
0.0878457	2.1157	-0.590564
0.0984088	2.10909	-0.662488
0.108972	2.10171	-0.734715
0.130098	2.08465	-0.880241
0.151225	2.0645	-1.02721
0.172351	2.04123	-1.17597
0.193477	2.0148	-1.32665
0.214604	1.98517	-1.47923
0.23573	1.95229	-1.63395
0.256857	1.91611	-1.79084
0.277983	1.8766	-1.94993
0.299109	1.83371	-2.11104
0.320236	1.78739	-2.27403
0.341362	1.73762	-2.43878
0.362488	1.68434	-2.60505
0.383615	1.62754	-2.77236
0.404741	1.5672	-2.94012
0.425867	1.50331	-3.10777
0.446994	1.43589	-3.27475
0.46812	1.36495	-3.44028
0.489246	1.29055	-3.60326
0.510373	1.21274	-3.76253
0.531499	1.1316	-3.91708
0.552626	1.04727	-4.0659
0.573752	0.959855	-4.20764
0.594878	0.869543	-4.34066
0.616005	0.776525	-4.4635
0.637131	0.681025	-4.57512
0.658257	0.583291	-4.67448
0.679384	0.483605	-4.7601
0.70051	0.382274	-4.83043
0.721636	0.279623	-4.8846
0.742763	0.175991	-4.92275
0.763889	0.0717399	-4.94361
0.785015	-0.0327657	-4.94694
0.806142	-0.137153	-4.93246
0.827268	-0.241058	-4.90099
0.848395	-0.344118	-4.85276
0.869521	-0.445982	-4.78808
0.890647	-0.546316	-4.70806
0.911774	-0.644811	-4.61388
0.9329	-0.741178	-4.50685
0.954026	-0.835152	-4.38799
0.975153	-0.926499	-4.25841
0.996279	-1.01501	-4.11964
1.01741	-1.10051	-3.97342
1.03853	-1.18286	-3.82108
1.05966	-1.26192	-3.66341
1.08078	-1.3376	-3.50134
1.10191	-1.40984	-3.33643
1.12304	-1.47857	-3.17016
1.14416	-1.54378	-3.00306
1.16529	-1.60545	-2.83487
1.18642	-1.66356	-2.66681
1.20754	-1.71815	-2.50022
1.22867	-1.76923	-2.3356
1.2498	-1.81683	-2.17169
1.27092	-1.86099	-2.00928
1.29205	-1.90176	-1.84978
1.31317	-1.93918	-1.69261
1.3343	-1.97328	-1.53676
1.35543	-2.00412	-1.38281
1.37655	-2.03174	-1.2318
1.39768	-2.05619	-1.08292
1.41881	-2.0775	-0.935338
1.43993	-2.0957	-0.788635
1.46106	-2.11083	-0.644112
1.48219	-2.12293	-0.501081
1.50331	-2.132	-0.358374
1.52444	-2.13807	-0.216164
1.54556	-2.14115	-0.0749339
1.56669	-2.14124	0.0660306
1.58782	-2.13835	0.207611
1.60894	-2.13246	0.349713
1.63007	-2.12357	0.492248
1.6512	-2.11167	0.635259
1.67232	-2.09673	0.779496
1.69345	-2.07871	0.925695
1.71458	-2.05759	1.0737
1.7357	-2.03334	1.2229
1.75683	-2.00593	1.37349
1.77795	-1.97528	1.52701
1.79908	-1.94138	1.68296
1.82021	-1.90418	1.84017
1.84133	-1.86362	1.99968
1.86246	-1.81967	2.16123
1.88359	-1.77228	2.32519
1.90471	-1.72141	2.49081
1.92584	-1.66704	2.65712
1.94697	-1.60915	2.82402
1.96809	-1.54771	2.9919
1.98922	-1.48271	3.1602
2.01034	-1.4142	3.32658
2.03147	-1.34218	3.49078
2.0526	-1.2667	3.65304
2.07372	-1.18785	3.81128
2.09485	-1.1057	3.96448
2.11598	-1.0204	4.11082
2.1371	-0.932068	4.24943
2.15823	-0.840892	4.3797
2.17936	-0.747071	4.50002
2.20048	-0.650848	4.60774
2.22161	-0.552477	4.70258
2.24273	-0.45225	4.78316
2.26386	-0.35047	4.84904
2.28499	-0.247472	4.89885
2.30611	-0.14361	4.93121
2.32724	-0.0392414	4.94637
2.34625	0.0548208	4.94526
2.36527	0.148727	4.9301
2.38428	0.242207	4.9008
2.40329	0.334996	4.85752
2.42231	0.426842	4.80121
2.44132	0.517503	4.73274
2.46034	0.606744	4.65248
2.47935	0.694346	4.56085
2.49836	0.78011	4.459
2.51738	0.863856	4.34838
2.53639	0.945422	4.22993
2.5554	1.02466	4.10411
2.57442	1.10144	3.9718
2.59343	1.17566	3.83442
2.61245	1.24723	3.69323
2.63146	1.31609	3.54869
2.65047	1.38216	3.40117
2.66949	1.4454	3.25162
2.6885	1.50581	3.10124
2.70751	1.56334	2.9506
2.72653	1.61801	2.79966
2.74554	1.6698	2.64868
2.76456	1.71873	2.49853
2.78357	1.76483	2.34989
2.80258	1.80811	2.20262
2.8216	1.84859	2.05641
2.84061	1.88631	1.91157
2.85962	1.9213	1.76879
2.87864	1.95359	1.62813
2.89765	1.98322	1.48898
2.91667	2.01022	1.35108
2.93568	2.03461	1.2149
2.95469	2.05644	1.08076
2.97371	2.07572	0.948189
2.99272	2.09249	0.816477
3.01173	2.10677	0.68565
3.03075	2.11858	0.556416
3.04976	2.12794	0.428086
3.06877	2.13486	0.30012
3.08779	2.13934	0.172292
3.1068	2.14141	0.0451536
3.12582	2.14106	-0.0819717
3.14483	2.1383	-0.20923
3.16384	2.1331	-0.336819
3.18286	2.12548	-0.46498
3.20187	2.11542	-0.593833
3.22088	2.1029	-0.723525
3.2399	2.0879	-0.854247
3.25891	2.0704	-0.986216
3.27793	2.05039	-1.11957
3.29694	2.02782	-1.25439
3.31595	2.00268	-1.39075
3.35398	1.94453	-1.6686
3.38588	1.88752	-1.90701
3.41777	1.82282	-2.15025
3.44648	1.75791	-2.37278
3.47519	1.68657	-2.59838
3.50389	1.60872	-2.82561
3.5326	1.52433	-3.05382
3.56131	1.43341	-3.28076
3.59001	1.336	-3.50485
3.61872	1.23224	-3.72362
3.64743	1.1223	-3.93425
3.67326	1.0183	-4.11434
3.6991	0.9098	-4.28297
3.72493	0.797116	-4.43765
3.75077	0.680642	-4.57589
3.77661	0.560835	-4.69528
3.80244	0.438211	-4.7936
3.82828	0.31334	-4.86892
3.85411	0.186838	-4.91971
3.87995	0.0593515	-4.9449
3.90579	-0.0684486	-4.94395
3.93162	-0.195886	-4.91689
3.95487	-0.309718	-4.87066
3.97813	-0.422242	-4.80458
4.00138	-0.533007	-4.71963
4.02463	-0.641592	-4.61723
4.04788	-0.747609	-4.49898
4.07114	-0.85071	-4.36674
4.09439	-0.950581	-4.22184
4.11764	-1.04696	-4.06642
4.14089	-1.13962	-3.90237
4.16415	-1.22839	-3.73133
4.1874	-1.31311	-3.55486
4.21065	-1.39367	-3.37443
4.2339	-1.47002	-3.19146
4.25716	-1.54208	-3.00714
4.28041	-1.60986	-2.82243
4.30366	-1.67334	-2.63814
4.32691	-1.73255	-2.45503
4.35017	-1.78752	-2.27354
4.37342	-1.8383	-2.09421
4.39667	-1.88493	-1.91715
4.41992	-1.92748	-1.74276
4.44318	-1.966	-1.57086
4.46643	-2.00056	-1.40174
4.48968	-2.03121	-1.23483
4.51293	-2.05801	-1.07072
4.53618	-2.08101	-0.908396
4.55944	-2.10026	-0.74807
4.58269	-2.11581	-0.58928
4.60594	-2.12768	-0.43187
4.62919	-2.1359	-0.275378
4.65245	-2.14049	-0.119684
4.6757	-2.14147	0.0358332
4.69895	-2.13883	0.191421
4.7222	-2.13256	0.347483
4.74546	-2.12266	0.504327
4.76871	-2.1091	0.66228
4.79196	-2.09185	0.821759
4.81521	-2.07087	0.98285
4.83847	-2.04612	1.14619
4.86172	-2.01756	1.31143
4.88497	-1.98511	1.47965
4.90822	-1.94874	1.64957
4.93148	-1.90836	1.82278
4.95473	-1.86394	1.99837
4.97798	-1.8154	2.17663
5.00123	-1.7627	2.35697
5.02448	-1.70578	2.53924
5.04774	-1.6446	2.72309
5.07099	-1.57914	2.90745
5.09424	-1.50938	3.09249
5.11749	-1.43534	3.2762
5.14075	-1.35704	3.458
5.164	-1.27455	3.63698
5.18725	-1.18795	3.81107
5.2105	-1.09737	3.97907
5.23376	-1.00296	4.13932
5.25701	-0.904942	4.29004
5.28026	-0.803545	4.42937
5.30351	-0.699059	4.55547
5.32677	-0.591812	4.66659
5.35002	-0.482171	4.7611
5.37327	-0.37054	4.8375
5.39652	-0.257356	4.89455
5.41978	-0.14308	4.93128
5.44303	-0.0281918	4.94707
5.46628	0.0868172	4.94164
5.48953	0.201454	4.9151
5.51279	0.315233	4.86789
5.53604	0.427681	4.80082
5.55929	0.53835	4.71501
5.58254	0.646818	4.61183
5.60579	0.752701	4.49285
5.62905	0.85565	4.35979
5.6523	0.955361	4.21464
5.67555	1.05156	4.05865
5.6988	1.14404	3.89415
5.72206	1.23261	3.72282
5.74531	1.31713	3.54616
5.76856	1.39749	3.36559
5.79181	1.47362	3.18251
5.81507	1.54548	2.99813
5.83832	1.61305	2.81343
5.86157	1.67633	2.6292
5.88482	1.73533	2.44613
5.90808	1.7901	2.2648
5.93133	1.84067	2.08555
5.95458	1.8871	1.90862
5.97783	1.92945	1.73434
6.00109	1.96778	1.56257
6.02434	2.00214	1.39355
6.04759	2.0326	1.22679
6.07084	2.05922	1.06274
6.0941	2.08203	0.900239
6.11735	2.10111	0.740557
6.1406	2.11647	0.581719
6.16385	2.12816	0.424431
6.1871	2.13621	0.267846
6.21036	2.14062	0.112061
6.23361	2.14142	-0.0435619
6.25686	2.1386	-0.199013
6.28011	2.13216	-0.355082
6.30337	2.12208	-0.511921
6.32662	2.10834	-0.670016
6.34987	2.09091	-0.829508
6.37312	2.06975	-0.990881
6.39638	2.04482	-1.15406
6.41963	2.01606	-1.3198
6.44288	1.98343	-1.48749
6.46613	1.94686	-1.65852
6.48939	1.90629	-1.8315
6.51264	1.86167	-2.00739
6.53589	1.81294	-2.18533
6.55914	1.76002	-2.36605
6.5824	1.7029	-2.54827
6.60565	1.64151	-2.7321
6.6289	1.57584	-2.91664
6.65215	1.50588	-3.10132
6.6754	1.43163	-3.28505
6.69866	1.35313	-3.46685
6.72191	1.27043	-3.64543
6.74516	1.18363	-3.81936
6.76841	1.09286	-3.98708
6.79167	0.998276	-4.14692
6.81492	0.900084	-4.29711
6.83817	0.79853	-4.43583
6.86142	0.693901	-4.56124
6.88468	0.586529	-4.6716
6.90793	0.476781	-4.76526
6.93118	0.365064	-4.84074
6.95443	0.251815	-4.89682
6.97769	0.137498	-4.93255
7.00094	0.0225922	-4.9473
7.02419	-0.0924102	-4.94085
7.04744	-0.207017	-4.91328
7.0707	-0.320741	-4.86509
7.09395	-0.433113	-4.79708
7.1172	-0.543685	-4.71039
7.14045	-0.652036	-4.6064
7.16371	-0.757784	-4.48669
7.18696	-0.860582	-4.35299
7.21021	-0.960128	-4.20729
7.23346	-1.05615	-4.05085
7.25671	-1.14844	-3.88596
7.27997	-1.23682	-3.71434
7.30322	-1.32114	-3.53746
7.32647	-1.4013	-3.35674
7.34972	-1.47722	-3.17356
7.37298	-1.54888	-2.98915
7.39623	-1.61623	-2.80445
7.41948	-1.6793	-2.62026
7.44273	-1.7381	-2.43727
7.46599	-1.79266	-2.25603
7.48924	-1.84303	-2.07689
7.51249	-1.88926	-1.90008
7.53574	-1.93141	-1.72593
7.559	-1.96954	-1.55428
7.58225	-2.00372	-1.38539
7.6055	-2.03399	-1.21875
7.62875	-2.06042	-1.05481
7.65201	-2.08305	-0.892411
7.67526	-2.10195	-0.732805
7.69851	-2.11713	-0.574041
7.72176	-2.12865	-0.416807
7.74501	-2.13651	-0.260264
7.76827	-2.14075	-0.104502
7.79152	-2.14137	0.0511155
7.81477	-2.13838	0.206582
7.83802	-2.13176	0.362682
7.86128	-2.12151	0.51957
7.88453	-2.10759	0.677727
7.90778	-2.08998	0.837298
7.93103	-2.06863	0.99876
7.95429	-2.04352	1.16204
7.97754	-2.01457	1.3279
8.00079	-1.98175	1.49572
8.02404	-1.94499	1.66686
8.0473	-1.90423	1.83997
8.07055	-1.85941	2.01597
8.0938	-1.81047	2.19404
8.11705	-1.75735	2.37485
8.14031	-1.70002	2.55717
8.16356	-1.63843	2.74105
8.18681	-1.57255	2.9256
8.21006	-1.50238	3.11027
8.23332	-1.42792	3.29393
8.25657	-1.34921	3.4756
8.27982	-1.26632	3.654
8.30307	-1.17932	3.82766
8.32632	-1.08836	3.99504
8.34958	-0.993596	4.15445
8.37283	-0.895235	4.30413
8.39608	-0.793524	4.44224
8.41933	-0.688755	4.56697
8.44259	-0.581258	4.67655
8.46584	-0.471405	4.76936
8.48909	-0.359603	4.84393
8.51234	-0.246291	4.89904
8.5356	-0.131934	4.93376
8.55885	-0.017012	4.94749
8.5821	0.0979828	4.94
8.60535	0.212558	4.91142
8.62861	0.326228	4.86225
8.65186	0.438523	4.7933
8.67511	0.548996	4.70574
8.69836	0.65723	4.60095
8.72162	0.762843	4.48052
8.74487	0.86549	4.34619
8.76812	0.964871	4.19994
8.79137	1.06072	4.04304
8.81463	1.15282	3.87779
8.83788	1.24101	3.70587
8.86113	1.32513	3.52878
8.88438	1.40508	3.34791
8.90763	1.4808	3.16464
8.93089	1.55225	2.98019
8.95414	1.61939	2.79551
8.97739	1.68225	2.61136
9.00064	1.74084	2.42844
9.0239	1.7952	2.24729
9.04715	1.84537	2.06827
9.0704	1.8914	1.89158
9.09365	1.93336	1.71755
9.11691	1.9713	1.54604
9.14016	2.00528	1.37727
9.16341	2.03536	1.21074
9.18666	2.06161	1.04691
9.20992	2.08406	0.884613
9.23317	2.10278	0.725085
9.25642	2.11778	0.566393
9.27967	2.12912	0.409214
9.30293	2.13681	0.252711
9.32618	2.14087	0.0969695
9.34943	2.14132	-0.0586436
9.37268	2.13815	-0.214126
9.39593	2.13136	-0.370257
9.41919	2.12092	-0.527193
9.44244	2.10683	-0.685414
9.46569	2.08904	-0.845065
9.48894	2.06751	-1.00662
9.5122	2.04221	-1.17001
9.53545	2.01308	-1.33597
9.5587	1.98007	-1.50393
9.58195	1.94311	-1.67517
9.60521	1.90216	-1.84841
9.62846	1.85714	-2.02454
9.65171	1.808	-2.20272
9.67496	1.75468	-2.38364
9.69822	1.69715	-2.56603
9.72147	1.63535	-2.74997
9.74472	1.56926	-2.93453
9.76797	1.49888	-3.11919
9.79123	1.42422	-3.30278
9.81448	1.3453	-3.48432
9.83773	1.26221	-3.66252
9.86098	1.17502	-3.83591
9.88424	1.08387	-4.00295
9.90749	0.988925	-4.16193
9.93074	0.890396	-4.31109
9.95399	0.78853	-4.4486
9.97724	0.68362	-4.57264
10.0005	0.576	-4.68144
